                   x             chainend          chainenddev
 l=         100
                   1    79.97000000000000     5.89547849344450
                   2    74.44000000000000     6.31547722070570
                   3    67.03000000000000     5.19606494465676
                   4    64.27000000000000     5.61897039348209
                   5    64.73000000000000     4.51452202241933
                   6    62.99000000000000     4.79582099227014
                   7    78.77000000000000     7.07514499976338
                   8    74.88000000000000     4.28358388608078
                   9    72.31999999999999     4.75007708603053
                  10    67.20999999999999     5.40911128083762
                  11    60.98000000000000     4.53711963093927
                  12    62.50000000000000     5.41509301150334
                  13    76.12000000000000     6.89646374029561
                  14    77.81999999999999     6.94041014128797
                  15    70.84999999999999     5.59468542909296
                  16    65.28000000000000     5.81026607989616
                  17    63.51000000000000     6.18485442370508
                  18    62.08000000000000     5.72197606609903
                  19    80.93000000000001     7.43626793546876
                  20    73.56000000000000     8.14306422358899
                  21    67.34999999999999     6.63686520866439
                  22    67.55000000000000     4.69982806476831
                  23    60.81000000000000     6.43333333333334
                  24    63.62000000000000     6.47571999818935
                  25    84.43000000000001     5.82099127245003
                  26    74.45000000000000     7.59502096339065
                  27    67.18000000000001     4.37019288574153
                  28    65.31999999999999     4.78398000063385
                  29    66.01000000000001     5.86634813184833
                  30    63.38000000000000     5.19086221210412
                  31    77.34999999999999     5.72320281879390
                  32    72.16000000000000     5.10638340855361
                  33    71.52000000000000     7.82701873143423
                  34    66.59999999999999     6.75995337979262
                  35    66.45999999999999     4.97350556205154
                  36    61.60000000000000     4.78634421130480
                  37    72.55000000000000     6.09748250750200
                  38    71.70999999999999     4.98339667538542
                  39    72.64000000000000     5.80929245157091
                  40    63.85000000000000     5.29030941792385
                  41    64.08000000000000     5.90442395346254
                  42    64.48000000000000     7.02445943137479
                  43    75.16000000000000     5.72557614762237
                  44    72.44000000000000     5.51823423668379
                  45    70.70999999999999     7.19889862507741
                  46    68.30000000000000     5.60753461375357
                  47    62.16000000000000     6.21617310576275
                  48    66.58000000000000     5.69809466649009
                  49    72.41000000000000     7.17472415265331
                  50    77.51000000000001     6.01260460544464
                  51    69.95000000000000     6.33791700160170
                  52    68.80000000000000     6.62258151015040
                  53    67.65000000000001     5.49264889822678
                  54    65.93000000000001     6.92128177537524
                  55    59.71000000000000     4.26944748394705
                  56    61.99000000000000     4.54493835452855
                  57    77.84999999999999     6.97814047181944
                  58    74.40000000000001     4.37855194918562
                  59    72.31000000000000     7.13887493611811
                  60    63.44000000000000     5.04789184919924
                  61    61.68000000000000     6.58108707363055
                  62    63.19000000000000     5.85462779915740
                  63    73.67000000000000     7.17325982839438
                  64    77.44000000000000     5.50357092525325
                  65    72.44000000000000     7.14258816232363
                  66    66.13000000000000     6.16220969156586
                  67    63.85000000000000     5.83333333333333
                  68    62.41000000000000     5.18563478089309
                  69    74.58000000000000     6.78557590805972
                  70    80.77000000000000     5.30647593688004
                  71    65.22000000000000     3.84176937350382
                  72    65.67000000000000     4.75682391279872
                  73    65.01000000000001     5.14142416303522
                  74    60.97000000000000     5.30381033224266
                  75    75.50000000000000     5.15320827791344
                  76    81.95999999999999     5.70472071041505
                  77    67.90000000000001     6.97397760509479
                  78    59.76000000000000     5.67489598534145
                  79    64.33000000000000     7.85866953553125
                  80    64.02000000000000     5.91519187765663
                  81    78.42000000000000     7.83952688739453
                  82    74.16000000000000     8.08880008831266
                  83    63.88000000000000     4.36764966960076
                  84    70.68000000000001     5.12447090148847
                  85    65.92000000000000     4.52083839547266
                  86    65.54000000000001     5.07204658551719
                  87    77.69000000000000     7.83116668940023
                  88    69.69000000000000     5.14770714871086
                  89    70.31999999999999     5.41766657437601
                  90    66.73000000000000     7.13768629575198
                  91    65.75000000000000     3.36462584408832
                  92    63.65000000000000     3.53731907843020
                  93    70.70999999999999     5.68054450370613
                  94    77.66000000000000     5.14873721892028
                  95    73.91000000000000     4.88058408493297
                  96    70.16000000000000     5.93180095976446
                  97    66.31999999999999     4.81974055213546
                  98    63.27000000000000     6.30512858430710
                  99    71.03000000000000     5.32092306110718
                 100    69.20999999999999     4.67811366629194
                 101    71.09999999999999     5.25799055214677
                 102    69.98999999999999     5.30007623349024
                 103    63.17000000000000     5.16995008084061
                 104    64.43000000000001     5.40343138265591
                 105    74.68000000000001     6.15929944855498
                 106    69.56000000000000     6.36169090031189
                 107    69.98999999999999     7.07034638329679
                 108    71.45000000000000     6.91999737256913
                 109    65.95000000000000     6.20910865608183
                 110    61.01000000000000     5.32669093937656
                 111    63.87000000000000     4.83809587721985
                 112    60.60000000000000     4.78845412730381
                 113    79.89000000000000     5.26642692204615
                 114    75.41000000000000     4.53292110425206
                 115    65.93000000000001     5.56913391159276
                 116    67.90000000000001     4.74288409039790
                 117    62.20000000000000     4.81370098486779
                 118    64.25000000000000     3.76688119528529
                 119    75.18000000000001     5.66466987992106
                 120    80.39000000000000     4.87809989502661
                 121    68.15000000000001     4.54911468798540
                 122    63.39000000000000     4.91523091517529
                 123    64.56000000000000     4.70185864818103
                 124    62.79000000000000     5.91231380640900
                 125    76.70999999999999     4.66730515112708
                 126    80.45000000000000     4.31435236896992
                 127    65.20000000000000     3.73084332546838
                 128    68.58000000000000     4.84753399767200
                 129    63.89000000000000     5.07299246256611
                 130    60.33000000000000     6.54596027788101
                 131    76.80000000000000     5.61203612737387
                 132    78.06999999999999     5.00758011277489
                 133    69.39000000000000     4.39902422605447
                 134    66.52000000000000     5.31907184126378
                 135    64.61000000000000     4.01485876577133
                 136    62.03000000000000     4.39571646405034
                 137    72.22000000000000     3.99388421353337
                 138    73.13000000000000     3.00052184013570
                 139    69.67000000000000     4.08014408539401
                 140    68.44000000000000     3.45335439329017
                 141    66.59999999999999     5.19323569364004
                 142    66.00000000000000     4.39926531974776
                 143    72.67000000000000     5.33911618305517
                 144    72.30000000000000     3.55476632654857
                 145    70.25000000000000     5.10372215133032
                 146    68.78000000000000     4.72812346657228
                 147    65.45999999999999     4.12780666683747
                 148    67.03000000000000     4.15958185544187
                 149    72.53000000000000     4.31219787406034
                 150    69.09999999999999     5.31910982147664
                 151    68.22000000000000     5.23311136375431
                 152    70.04000000000001     4.04999064720207
                 153    65.16000000000000     3.01082223072876
                 154    66.41000000000000     4.27370395026907
                 155    71.81000000000000     3.85257358558188
                 156    74.27000000000000     4.19199573983900
                 157    68.13000000000000     3.65605903628042
                 158    70.37000000000000     2.64252328143562
                 159    67.86000000000000     5.02924779001128
                 160    63.94000000000000     3.78679257153042
                 161    67.98000000000000     3.98983557039484
                 162    70.66000000000000     2.56715855184346
                 163    66.94000000000000     3.22809635243530
                 164    68.27000000000000     3.08746242769434
                 165    69.75000000000000     3.11845273729577
                 166    68.75000000000000     2.45103565000099
                 167    63.06000000000000     2.00917089287290
                 168    62.68000000000000     1.89566224669253
                 169    77.89000000000000     2.28696349341261
                 170    76.45000000000000     1.91419471688264
                 171    67.19000000000000     2.58079542980552
                 172    68.81999999999999     2.57564349123465
                 173    62.21000000000000     0.87956600868631
                 174    61.70000000000000     1.40345893053447
                 175    77.56999999999999     2.57122774588563
                 176    78.41000000000000     2.68965470353397
                 177    67.12000000000000     0.47736651315188
                 178    66.90000000000001     0.41438770700537
                 179    62.00000000000000     0.00000000000000
                 180    61.91000000000000     0.51433982399330
                 181    77.81999999999999     1.02867964798659
                 182    78.30000000000000     1.71446607997765
                 183    66.23000000000000     0.60058893655067
                 184    67.73999999999999     0.50492523699009
                 185    63.12000000000000     0.68578643199106
                 186    62.91000000000000     0.51433982399330
                 187    76.67000000000000     1.88591268797542
                 188    77.20999999999999     1.20012625598436
                 189    67.09000000000000     0.51433982399330
                 190    67.00000000000000     0.00000000000000
                 191    62.94000000000000     0.34289321599553
                 192    63.06000000000000     0.34289321599553
                 193    71.15000000000001     0.85723303998883
                 194    71.00000000000000     0.00000000000000
                 195    72.20999999999999     1.20012625598436
                 196    71.70000000000000     1.71446607997765
                 197    64.03000000000000     0.17144660799777
                 198    63.94000000000000     0.34289321599553
                 199    72.06000000000000     0.34289321599553
                 200    71.91000000000000     0.51433982399330
                 201    71.97000000000000     0.17144660799777
                 202    71.00000000000000     0.00000000000000
                 203    61.12000000000000     0.68578643199106
                 204    67.91000000000000     0.51433982399329
                 205    68.00000000000000     0.00000000000000
                 206    68.00000000000000     0.00000000000000
                 207    74.00000000000000     0.00000000000000
                 208    74.00000000000000     0.00000000000000
                 209    67.00000000000000     0.00000000000000
                 210    67.00000000000000     0.00000000000000
                 211    67.00000000000000     0.00000000000000
                 212    68.00000000000000     0.00000000000000
                 213    74.00000000000000     0.00000000000000
                 214    73.00000000000000     0.00000000000000
                 215    67.00000000000000     0.00000000000000
                 216    67.00000000000000     0.00000000000000
                 217    61.00000000000000     0.00000000000000
                 218    61.00000000000000     0.00000000000000
                 219    77.00000000000000     0.00000000000000
                 220    77.00000000000000     0.00000000000000
                 221    67.00000000000000     0.00000000000000
                 222    67.00000000000000     0.00000000000000
                 223    63.00000000000000     0.00000000000000
                 224    63.00000000000000     0.00000000000000
                 225    77.00000000000000     0.00000000000000
                 226    77.00000000000000     0.00000000000000
                 227    67.00000000000000     0.00000000000000
                 228    67.00000000000000     0.00000000000000
                 229    63.00000000000000     0.00000000000000
                 230    63.00000000000000     0.00000000000000
                 231    78.00000000000000     0.00000000000000
                 232    78.00000000000000     0.00000000000000
                 233    70.37000000000000     1.22808054222099
                 234    65.63000000000000     1.22808054222099
                 235    63.79000000000000     0.40936018074033
                 236    61.42000000000000     0.81872036148066
                 237    64.15000000000001     6.14040271110499
                 238    84.69000000000000     4.50296198814365
                 239    71.73999999999999     2.45616108444200
                 240    65.42000000000000     0.81872036148066
                 241    64.58000000000000     0.81872036148066
                 242    64.58000000000000     0.81872036148066
                 243    74.63000000000000     1.22808054222099
                 244    77.79000000000001     0.40936018074033
                 245    55.52000000000000     4.91232216888398
                 246    72.11000000000000     3.68424162666300
                 247    66.00000000000000     0.00000000000000
                 248    69.16000000000000     1.63744072296133
                 249    60.05000000000000     2.04680090370166
                 250    66.58000000000000     0.81872036148066
                 251    74.84000000000000     1.63744072296133
                 252    79.37000000000000     1.22808054222099
                 253    67.37000000000000     1.22808054222099
                 254    64.20999999999999     0.40936018074033
                 255    61.30000000000000     2.46797672009059
                 256    70.70000000000000     2.46797672009058
                 257    76.18000000000001     0.51990675154592
                 258    79.41000000000000     1.31114107139198
                 259    79.19000000000000     7.35903896887728
                 260    50.01000000000000     7.77004738490291
                 261    59.62000000000000     1.23729911133448
                 262    63.59000000000000     0.82993245435269
                 263    80.00000000000000     0.00000000000000
                 264    80.00000000000000     0.00000000000000
                 265    66.00000000000000     0.00000000000000
                 266    66.00000000000000     0.00000000000000
                 267    62.00000000000000     0.00000000000000
                 268    62.00000000000000     0.00000000000000
                 269    80.00000000000000     0.00000000000000
                 270    80.00000000000000     0.00000000000000
                 271    64.00000000000000     0.00000000000000
                 272    64.00000000000000     0.00000000000000
                 273    63.00000000000000     0.00000000000000
                 274    63.00000000000000     0.00000000000000
                 275    77.00000000000000     0.00000000000000
                 276    77.00000000000000     0.00000000000000
                 277    68.00000000000000     0.00000000000000
                 278    68.00000000000000     0.00000000000000
                 279    63.00000000000000     0.00000000000000
                 280    63.00000000000000     0.00000000000000
                 281    76.00000000000000     0.00000000000000
                 282    76.00000000000000     0.00000000000000
                 283    68.00000000000000     0.00000000000000
                 284    68.00000000000000     0.00000000000000
                 285    63.82000000000000     0.38612291966537
                 286    64.18000000000001     0.38612291966537
                 287    76.00000000000000     0.00000000000000
                 288    76.00000000000000     0.00000000000000
                 289    68.00000000000000     0.00000000000000
                 290    68.00000000000000     0.00000000000000
                 291    64.00000000000000     0.00000000000000
                 292    64.00000000000000     0.00000000000000
                 293    75.00000000000000     0.00000000000000
                 294    75.00000000000000     0.00000000000000
                 295    68.00000000000000     0.00000000000000
                 296    68.00000000000000     0.00000000000000
                 297    63.96000000000000     0.19694638556693
                 298    64.04000000000001     0.19694638556693
                 299    60.00000000000000     0.00000000000000
                 300    61.00000000000000     0.00000000000000
 l=         200
                   1    78.63000000000000     7.83627282049137
                   2    73.08000000000000     7.46260712154305
                   3    72.20999999999999     5.61976130914091
                   4    64.31999999999999     6.78215126324795
                   5    62.40000000000000     6.89458871400996
                   6    66.84000000000000     6.14097021255723
                   7    70.06000000000000     7.94274969562007
                   8    75.01000000000001     6.67801307170468
                   9    70.56000000000000     7.17785595854474
                  10    65.69000000000000     7.18260384399683
                  11    62.89000000000000     6.21158090776715
                  12    67.00000000000000     5.89812502307969
                  13    74.67000000000000     6.57367722992484
                  14    73.34000000000000     6.77520732844644
                  15    71.11000000000000     8.23137014994798
                  16    69.05000000000000     6.75602985442926
                  17    64.31999999999999     7.58238255777993
                  18    64.34000000000000     5.95644121260270
                  19    76.11000000000000     8.83049697172683
                  20    76.90000000000001     8.42375189328342
                  21    69.31999999999999     7.74059220452594
                  22    66.42000000000000     5.95637337969874
                  23    63.53000000000000     6.42195571080299
                  24    66.83000000000000     5.91702730441665
                  25    81.80000000000000     6.23933433382865
                  26    71.95000000000000     6.60023721642876
                  27    69.12000000000000     5.45186466108874
                  28    63.87000000000000     5.82342014817944
                  29    65.67000000000000     8.57416250290736
                  30    63.60000000000000     6.75696423377878
                  31    75.12000000000000     7.86795058859970
                  32    73.36000000000000     8.99553199980946
                  33    65.38000000000000     7.31095759870764
                  34    66.83000000000000     7.69632602892018
                  35    70.68000000000001     6.22779692551504
                  36    62.91000000000000     5.85531787990605
                  37    70.56000000000000     8.60622278976501
                  38    70.02000000000000     6.07026200489574
                  39    73.81999999999999     6.09914715018386
                  40    65.20000000000000     6.38812028754005
                  41    68.20999999999999     4.97934115961523
                  42    65.08000000000000     5.66163769718104
                  43    75.09999999999999     6.57128740672771
                  44    70.65000000000001     6.28349609949137
                  45    69.13000000000000     5.93169027301236
                  46    67.73999999999999     5.44507932806207
                  47    65.81000000000000     5.36862377263682
                  48    64.23999999999999     7.13523056050154
                  49    71.31000000000000     5.44892724128411
                  50    73.37000000000000     7.33148048218135
                  51    75.58000000000000     7.30183317234567
                  52    68.83000000000000     8.36183610400868
                  53    68.18000000000001     6.36972003571062
                  54    64.48000000000000     7.35874385415821
                  55    63.56000000000000     7.45534856477028
                  56    63.21000000000000     5.03381494785942
                  57    73.18000000000001     8.48811409018993
                  58    71.58000000000000     6.04892510695040
                  59    68.73999999999999     5.68290009901226
                  60    71.14000000000000     6.95733026702373
                  61    64.89000000000000     7.80558593042007
                  62    63.65000000000000     4.32837711906535
                  63    70.69000000000000     5.59526314814323
                  64    74.16000000000000     7.01185143924631
                  65    70.70000000000000     6.16031614038557
                  66    68.41000000000000     6.94290568810634
                  67    63.54000000000000     8.10464388639331
                  68    65.01000000000001     7.14424964781488
                  69    76.18000000000001     6.27224123428062
                  70    73.30000000000000     6.63401092930220
                  71    67.26000000000001     5.36283507111677
                  72    66.62000000000000     6.19021711079570
                  73    64.30000000000000     6.07944043145386
                  74    62.40000000000000     7.90217972741980
                  75    73.95999999999999     5.62447752904636
                  76    77.33000000000000     7.21538059784216
                  77    69.02000000000000     8.98818528666798
                  78    67.09000000000000     7.53321936089704
                  79    66.12000000000000     4.75305324517990
                  80    64.33000000000000     7.66344464574409
                  81    70.67000000000000     5.89307931716381
                  82    71.20999999999999     6.52778830860960
                  83    70.28000000000000     5.96467716958544
                  84    69.48999999999999     5.75684923645853
                  85    70.63000000000000     6.56998839228407
                  86    63.02000000000000     6.18564646760727
                  87    73.97000000000000     8.19146513208114
                  88    71.56000000000000     6.21552308922807
                  89    71.88000000000000     6.16159496601752
                  90    67.04000000000001     6.80599854258111
                  91    67.52000000000000     7.15694195741576
                  92    65.70999999999999     6.99826096724440
                  93    73.28000000000000     5.09719669440116
                  94    69.51000000000001     6.12577762534288
                  95    71.64000000000000     8.02586727117671
                  96    70.37000000000000     6.18838109735176
                  97    72.83000000000000     5.42172025330066
                  98    66.00000000000000     6.67272452040788
                  99    70.63000000000000     7.24694989828706
                 100    68.13000000000000     5.72369697579345
                 101    68.02000000000000     6.42278142334933
                 102    67.70999999999999     5.72835407460471
                 103    65.45999999999999     6.11410027904533
                 104    64.47000000000000     5.14134557712612
                 105    70.34999999999999     7.03149480494149
                 106    72.72000000000000     6.59059630048447
                 107    73.88000000000000     6.55401796725882
                 108    64.72000000000000     5.82935795276068
                 109    66.29000000000001     7.21431657444859
                 110    65.18000000000001     5.88334406385836
                 111    63.17000000000000     5.63369193766262
                 112    60.74000000000000     7.17687081864197
                 113    71.81000000000000     5.93175838818116
                 114    76.70000000000000     8.29567247534411
                 115    69.29000000000001     5.21322134267065
                 116    68.31000000000000     6.90000000000000
                 117    65.58000000000000     4.84753399767200
                 118    65.55000000000000     5.00983880464081
                 119    77.73000000000000     6.58411771314928
                 120    71.01000000000001     5.48735000715373
                 121    64.61000000000000     7.41673646545297
                 122    69.76000000000001     5.96135704162884
                 123    63.85000000000000     5.45018765314970
                 124    65.23000000000000     6.86795368933046
                 125    71.88000000000000     6.92569509329226
                 126    80.91000000000000     6.42924976379457
                 127    66.90000000000001     7.15979233376404
                 128    70.63000000000000     6.29358339256675
                 129    65.36000000000000     6.29176148834828
                 130    64.06000000000000     5.79065774948901
                 131    75.93000000000001     5.75993651760752
                 132    72.70999999999999     6.24304865956181
                 133    67.08000000000000     8.22619614586858
                 134    68.66000000000000     6.99815271440553
                 135    63.42000000000000     5.45353189236206
                 136    62.16000000000000     6.69949493045799
                 137    72.98999999999999     5.59851170699261
                 138    68.61000000000000     6.56881982850755
                 139    73.37000000000000     6.14086329600342
                 140    69.36000000000000     6.03612023362254
                 141    68.37000000000000     8.10369039264198
                 142    63.57000000000000     4.77631995612023
                 143    74.97000000000000     8.69512228293263
                 144    72.73000000000000     8.17961867180626
                 145    74.84999999999999     6.69294065007711
                 146    67.66000000000000     5.81572233369392
                 147    66.27000000000000     5.21817917854436
                 148    67.29000000000001     6.43113481039660
                 149    69.33000000000000     7.24750740850699
                 150    66.65000000000001     7.32971673905257
                 151    68.95999999999999     8.97011874520233
                 152    69.72000000000000     6.84766420398263
                 153    65.22000000000000     7.90419911416480
                 154    62.26000000000000     5.97066904868197
                 155    72.28000000000000     7.57198451497026
                 156    72.09000000000000     6.87565607521540
                 157    72.65000000000001     5.03999158248455
                 158    70.59000000000000     6.55064959381969
                 159    62.05000000000000     6.33951054415039
                 160    68.16000000000000     5.26225361715997
                 161    68.19000000000000     5.74138792919755
                 162    69.06999999999999     6.20403094769844
                 163    70.63000000000000     5.80604874421513
                 164    71.64000000000000     5.57324053859243
                 165    65.36000000000000     6.38419766282184
                 166    65.23000000000000     5.14605860750917
                 167    63.73000000000000     6.19849281126575
                 168    64.37000000000000     6.79966576718698
                 169    78.73000000000000     6.18544234228216
                 170    73.48000000000000     6.43927343915774
                 171    71.15000000000001     6.20259802197613
                 172    70.84999999999999     6.68085611159516
                 173    63.73000000000000     5.13230017151229
                 174    61.05000000000000     5.67534985349766
                 175    75.11000000000000     6.14125805556569
                 176    75.95999999999999     8.25835359138878
                 177    66.15000000000001     4.71056195579614
                 178    70.66000000000000     7.34877162826853
                 179    64.84000000000000     5.98773156486906
                 180    59.84000000000000     4.83823158276708
                 181    76.20000000000000     6.48229913072530
                 182    78.45999999999999     7.03155944885829
                 183    67.90000000000001     5.44300125172341
                 184    65.05000000000000     4.58450398273104
                 185    64.95999999999999     5.38407678513994
                 186    63.77000000000000     6.00312208333920
                 187    72.98999999999999     5.76211065425849
                 188    79.45999999999999     7.18924561586628
                 189    68.91000000000000     6.35338929671050
                 190    65.97000000000000     6.57889954262255
                 191    64.97000000000000     4.94506181595704
                 192    61.85000000000000     4.41387847956004
                 193    69.22000000000000     6.65237862829089
                 194    69.59000000000000     5.96131468111462
                 195    72.17000000000000     6.74357906351357
                 196    71.45000000000000     6.12557974992794
                 197    65.18000000000001     4.87496179731211
                 198    66.45000000000000     4.65230474001214
                 199    70.87000000000000     4.98817794308896
                 200    67.47000000000000     7.28143481254161
                 201    74.40000000000001     5.44021687030578
                 202    71.95999999999999     4.50122317831610
                 203    62.87000000000000     7.86714816194663
                 204    64.23000000000000     6.97014557186070
                 205    68.48000000000000     5.70394157534503
                 206    68.79000000000001     5.39040486851077
                 207    74.83000000000000     7.15069396928887
                 208    71.29000000000001     7.16373442480184
                 209    72.29000000000001     4.72323934381796
                 210    66.76000000000001     4.37882877195962
                 211    67.18000000000001     6.09251900930870
                 212    66.53000000000000     6.50012431893546
                 213    70.31000000000000     6.00116991961071
                 214    71.28000000000000     6.12344393757023
                 215    68.39000000000000     5.95419383648402
                 216    66.95000000000000     5.89019901569076
                 217    62.01000000000000     6.26436934035049
                 218    63.42000000000000     6.82564978221817
                 219    78.43000000000001     5.21508108346080
                 220    72.06999999999999     5.89513581375580
                 221    67.98999999999999     6.42987817406623
                 222    69.16000000000000     6.67078660574553
                 223    64.63000000000000     5.33267988421157
                 224    63.42000000000000     6.25417840125683
                 225    76.27000000000000     5.62076776811054
                 226    75.23999999999999     7.06123290233441
                 227    70.14000000000000     6.26843946555547
                 228    66.58000000000000     4.48832379681441
                 229    63.39000000000000     5.11068399620745
                 230    64.84000000000000     4.54543838380965
                 231    76.51000000000001     5.77436865235788
                 232    75.54000000000001     5.20958712181666
                 233    67.70999999999999     4.80171476104783
                 234    70.54000000000001     4.98162279348463
                 235    56.80000000000000     5.99831626206871
                 236    63.12000000000000     6.13366270525354
                 237    73.83000000000000     8.71090689824538
                 238    77.06000000000000     6.70416725521213
                 239    71.56000000000000     5.48702786100770
                 240    70.16000000000000     5.50797401752929
                 241    63.95000000000000     7.90138077691603
                 242    61.56000000000000     6.41702281577538
                 243    76.81999999999999     6.19282739232341
                 244    74.69000000000000     6.77889624816860
                 245    61.50000000000000     6.21581560508061
                 246    66.05000000000000     6.70198975429437
                 247    69.61000000000000     6.22619912591587
                 248    69.59999999999999     5.98314129851367
                 249    59.03000000000000     4.81255722778515
                 250    62.08000000000000     4.91067688559810
                 251    78.66000000000000     5.61063204275525
                 252    74.88000000000000     6.77380575780295
                 253    67.06999999999999     4.43415348986897
                 254    67.30000000000000     6.10431210396604
                 255    70.69000000000000     6.70699167837097
                 256    64.06000000000000     6.01147051708463
                 257    75.55000000000000     5.03598164324604
                 258    76.72000000000000     5.97651971290883
                 259    68.41000000000000     9.60544353242189
                 260    62.47000000000000     8.75532161406174
                 261    60.68000000000000     3.69241647081412
                 262    63.52000000000000     3.44210412510732
                 263    79.06999999999999     7.17776448696271
                 264    79.64000000000000     6.75175996509522
                 265    65.51000000000001     5.42440240156844
                 266    67.83000000000000     5.11495134607625
                 267    61.36000000000000     6.63251860384146
                 268    64.83000000000000     5.91190375941676
                 269    79.20000000000000     5.57048499058233
                 270    75.56000000000000     6.75295670372795
                 271    67.09999999999999     7.28149723753309
                 272    64.90000000000001     4.38201097693972
                 273    61.40000000000000     5.28194944116184
                 274    63.10000000000000     4.80214598493278
                 275    74.77000000000000     5.00879025294330
                 276    73.88000000000000     5.65378214341979
                 277    69.52000000000000     6.44397769121282
                 278    68.39000000000000     4.76285077183271
                 279    66.13000000000000     6.07471161555190
                 280    61.29000000000000     5.09762273768446
                 281    75.87000000000000     7.37817557038830
                 282    77.95000000000000     6.58798263139143
                 283    66.70999999999999     5.74244343164620
                 284    66.72000000000000     4.24044975697321
                 285    65.66000000000000     4.66281226105214
                 286    64.34000000000000     4.63238490401973
                 287    78.93000000000001     7.06285631978588
                 288    73.48000000000000     6.20439726762765
                 289    68.48000000000000     5.39636989844174
                 290    66.22000000000000     5.85615449373951
                 291    63.78000000000000     6.01778508869645
                 292    67.63000000000000     3.96615733934044
                 293    73.70000000000000     7.13718389418361
                 294    74.76000000000001     7.10970314344269
                 295    69.05000000000000     6.72005140672978
                 296    68.37000000000000     5.52250675038798
                 297    65.01000000000001     5.54776322202712
                 298    60.71000000000000     5.52733336622771
                 299    59.96000000000000     4.05746599530178
                 300    60.86000000000000     4.22598981293021
 l=         300
                   1    75.47000000000000     4.81884977264421
                   2    69.77000000000000     5.65480934133669
                   3    73.20999999999999     6.84503063867829
                   4    69.39000000000000     6.14947644975250
                   5    69.80000000000000     6.16605238545717
                   6    68.58000000000000     7.81242212082395
                   7    72.76000000000001     6.52596987644617
                   8    76.37000000000000     6.33198550251344
                   9    68.37000000000000     7.79102695477952
                  10    60.33000000000000     6.89906303109855
                  11    61.66000000000000     7.94961405581199
                  12    67.37000000000000     6.02797351076336
                  13    79.17000000000000     6.04203290426009
                  14    71.48000000000000     5.39449775795728
                  15    71.84999999999999     6.25287812519042
                  16    68.06999999999999     5.25944076606222
                  17    64.79000000000001     7.32547099185610
                  18    62.69000000000000     7.16288836273257
                  19    68.70000000000000     8.72764098549644
                  20    72.19000000000000     7.52463294852985
                  21    70.54000000000001     6.51404077917288
                  22    72.02000000000000     6.64994873527745
                  23    65.79000000000001     9.97703929687125
                  24    67.97000000000000     6.89818450716922
                  25    78.94000000000000     7.46820871522358
                  26    72.13000000000000     8.36739101053801
                  27    69.61000000000000     5.88079394076492
                  28    64.25000000000000     5.62170217581253
                  29    64.09000000000000     7.33621844072960
                  30    65.81000000000000     7.00460887234580
                  31    73.48000000000000     5.91433799671560
                  32    74.26000000000001     8.88946715290778
                  33    73.09999999999999     6.91433878314339
                  34    65.93000000000001     5.85214283468677
                  35    62.31000000000000     4.81306093412036
                  36    70.06000000000000     6.16739553432141
                  37    72.42000000000000     6.73027233153055
                  38    72.81000000000000     6.20800233000060
                  39    69.01000000000001     5.86634813184833
                  40    67.26000000000001     6.06466833554829
                  41    63.42000000000000     5.87956570924187
                  42    61.31000000000000     6.26146624968622
                  43    69.92000000000000     6.20146610231660
                  44    70.61000000000000     7.91226512409306
                  45    71.18000000000001     7.71903066086891
                  46    67.34000000000000     5.71232939094964
                  47    64.62000000000000     6.05993632663152
                  48    61.75000000000000     7.79325660329804
                  49    68.44000000000000     6.18783426808548
                  50    74.45000000000000     6.84072032358103
                  51    72.20000000000000     7.76420171574826
                  52    76.50000000000000     7.20339426165810
                  53    66.30000000000000     5.47999115239277
                  54    62.45000000000000     5.28457828750485
                  55    63.43000000000000     7.16367802377262
                  56    66.93000000000001     6.11382767903127
                  57    78.27000000000000     9.04517841312445
                  58    72.40000000000001     7.11379368593584
                  59    70.90000000000001     7.07749313605524
                  60    67.72000000000000     5.95111397771523
                  61    67.50000000000000     5.05824659203746
                  62    63.87000000000000     8.62771549991507
                  63    72.87000000000000     5.07848502026048
                  64    73.13000000000000     6.02294434524001
                  65    68.65000000000001     8.57453947875495
                  66    67.17000000000000     8.45194974816193
                  67    58.36000000000000     5.71109145930668
                  68    65.56999999999999     6.79163924515751
                  69    75.19000000000000     7.34392485822345
                  70    73.98999999999999     7.13151350335150
                  71    71.67000000000000     7.65553209889239
                  72    68.64000000000000     6.03444657400705
                  73    66.86000000000000     5.68361103027242
                  74    63.42000000000000     5.80522230931823
                  75    67.12000000000000     5.05780724636815
                  76    69.95999999999999     7.86492019647814
                  77    66.70000000000000     7.05891513111489
                  78    67.93000000000001     6.27203992720748
                  79    68.01000000000001     6.64617304631892
                  80    69.64000000000000     6.72177225307599
                  81    75.31000000000000     8.14724964436937
                  82    71.98999999999999     6.34607171899485
                  83    66.88000000000000     7.17920678773150
                  84    73.34999999999999     6.81557189104628
                  85    67.23000000000000     5.47326837151867
                  86    65.98999999999999     7.56052347073370
                  87    69.87000000000000     5.26404806400949
                  88    65.95999999999999     7.24174207513829
                  89    68.90000000000001     7.06034594396655
                  90    71.84000000000000     6.35597229685466
                  91    68.66000000000000     6.09722573111424
                  92    69.91000000000000     7.25313585961133
                  93    73.70000000000000     7.19497580035380
                  94    69.94000000000000     7.50059930265508
                  95    70.78000000000000     6.85577247008797
                  96    72.28000000000000     6.18744248009179
                  97    65.76000000000001     7.23085420439747
                  98    61.57000000000000     6.29935863337842
                  99    70.33000000000000     7.39513216906769
                 100    74.91000000000000     6.32310977065219
                 101    71.87000000000000     5.90780172417128
                 102    66.56000000000000     7.49318882638618
                 103    69.72000000000000     8.11667444464813
                 104    63.87000000000000     8.11614552492858
                 105    69.86000000000000     4.64936185476735
                 106    69.36000000000000     6.72026935487114
                 107    68.95000000000000     9.51275061390890
                 108    67.80000000000000     7.38959136935599
                 109    65.88000000000000     5.85736176692945
                 110    69.93000000000001     6.69728574600460
                 111    64.47000000000000     4.59128511311365
                 112    62.98000000000000     5.38606507291705
                 113    70.27000000000000     4.20162306301224
                 114    69.45000000000000     6.90245893822914
                 115    73.39000000000000     7.07091781792709
                 116    69.48999999999999     6.33810824786199
                 117    65.92000000000000     7.03911151418209
                 118    63.44000000000000     6.96211972829476
                 119    77.75000000000000     8.00047347083757
                 120    68.79000000000001     6.57250932200775
                 121    68.53000000000000     6.00749531835024
                 122    67.45000000000000     5.96856242103049
                 123    66.45000000000000     5.63605815398950
                 124    65.36000000000000     6.07614976441463
                 125    69.34999999999999     5.24621075374668
                 126    76.34999999999999     7.40512380624785
                 127    76.38000000000000     7.76261436747838
                 128    68.19000000000000     7.33153559231721
                 129    66.23999999999999     5.70153266652702
                 130    63.84000000000000     6.33208919199292
                 131    73.09999999999999     8.02206552912249
                 132    70.94000000000000     6.53942202369906
                 133    68.95999999999999     6.40220921466042
                 134    65.42000000000000     7.32531241792472
                 135    61.76000000000000     8.17747583983659
                 136    63.59000000000000     7.49962288614191
                 137    66.50000000000000     6.68255682030207
                 138    73.47000000000000     6.36031731626940
                 139    74.56999999999999     6.37269269000256
                 140    72.09000000000000     7.44962204993439
                 141    67.98999999999999     9.14031473940332
                 142    64.42000000000000     8.30136899991365
                 143    68.31999999999999     6.28270031374434
                 144    71.47000000000000     6.78300758654978
                 145    75.56999999999999     8.05693753384264
                 146    71.15000000000001     7.89114706618765
                 147    70.54000000000001     7.41608952470127
                 148    73.22000000000000     6.99289682896910
                 149    64.33000000000000     7.91246938175256
                 150    64.45000000000000     7.14407998190661
                 151    71.39000000000000     6.06512634458323
                 152    65.88000000000000     7.78924407322836
                 153    62.84000000000000     5.48408164738195
                 154    63.64000000000000     6.99425449634169
                 155    69.77000000000000     8.23254811615750
                 156    70.09000000000000     8.18361876932303
                 157    72.81000000000000     7.15301024433459
                 158    75.63000000000000     6.71144808171347
                 159    66.95999999999999     5.87568177862249
                 160    64.06999999999999     7.78402274540678
                 161    66.41000000000000     7.02390578846645
                 162    71.11000000000000     8.12017689014671
                 163    73.14000000000000     8.19092870993962
                 164    69.98999999999999     6.24013564991122
                 165    65.59999999999999     6.89312349484263
                 166    63.69000000000000     5.61688471836426
                 167    64.98000000000000     7.06961059319351
                 168    67.19000000000000     5.40985819190907
                 169    73.80000000000000     7.08533839714238
                 170    74.76000000000001     6.18260838680944
                 171    67.62000000000000     6.67239148138118
                 172    62.70000000000000     7.31471465643401
                 173    67.91000000000000     6.77054673053093
                 174    71.38000000000000     7.98329063061901
                 175    73.58000000000000     5.81217808927205
                 176    69.95000000000000     6.02079728939615
                 177    75.09000000000000     6.08208995180260
                 178    71.33000000000000     6.81361530579424
                 179    61.90000000000000     5.53501252359592
                 180    62.56000000000000     6.18456860976486
                 181    76.13000000000000     7.24276720374725
                 182    71.34999999999999     4.20527566686697
                 183    70.65000000000001     7.87577156714044
                 184    68.73999999999999     5.69710186822824
                 185    64.64000000000000     5.70046958902102
                 186    65.27000000000000     7.29307821835129
                 187    72.72000000000000     8.46511558209230
                 188    74.18000000000001     5.88506069585857
                 189    68.95000000000000     7.91925794911660
                 190    62.84000000000000     6.98442712197802
                 191    68.52000000000000     5.97381491565186
                 192    65.95999999999999     7.37716925809801
                 193    67.95999999999999     8.01755649317248
                 194    68.09999999999999     7.41074840479637
                 195    73.39000000000000     7.24310190819688
                 196    66.83000000000000     5.93407383870746
                 197    67.79000000000001     9.31089836067542
                 198    67.15000000000001     4.95917678082102
                 199    67.36000000000000     5.67916624980545
                 200    69.64000000000000     7.34230855722469
                 201    73.09999999999999     6.75472150619569
                 202    72.51000000000001     5.78660068388579
                 203    69.26000000000001     7.10899274002849
                 204    64.95000000000000     6.89660288208124
                 205    72.67000000000000     5.80500480689558
                 206    65.40000000000001     7.04674149210581
                 207    68.89000000000000     7.97710739706082
                 208    67.13000000000000     6.57767113618168
                 209    65.89000000000000     5.75930516291644
                 210    73.08000000000000     6.89997804124745
                 211    65.39000000000000     5.76105875510726
                 212    70.48000000000000     5.20970345614893
                 213    70.50000000000000     5.93142631934497
                 214    71.65000000000001     7.08016863349934
                 215    72.73999999999999     6.67214926073868
                 216    67.72000000000000     6.41821901726136
                 217    63.98000000000000     7.09243443837349
                 218    62.61000000000000     7.20535014465437
                 219    74.84000000000000     5.94880515971761
                 220    70.86000000000000     7.28776475687266
                 221    68.88000000000000     5.79669010398315
                 222    72.56999999999999     6.66099000740790
                 223    70.61000000000000     7.39627943596978
                 224    67.02000000000000     5.37855825374132
                 225    65.61000000000000     6.24887060502807
                 226    69.92000000000000     7.03911151418209
                 227    74.79000000000001     6.49210087239668
                 228    63.49000000000000     7.81670704906542
                 229    66.19000000000000     6.08972474540085
                 230    66.52000000000000     8.59819102421485
                 231    74.15000000000001     6.98971105311662
                 232    73.53000000000000     5.32851107749907
                 233    76.73000000000000     6.60403152046023
                 234    70.45999999999999     6.30763526420659
                 235    59.61000000000000     6.53335652438679
                 236    63.27000000000000     7.13910132136866
                 237    73.23000000000000     7.71048741401061
                 238    71.44000000000000     5.98705674641960
                 239    70.04000000000001     7.05951610783400
                 240    65.01000000000001     5.59670718486605
                 241    65.42000000000000     6.56156546977483
                 242    62.69000000000000     7.04056787195436
                 243    75.09000000000000     6.76158937743863
                 244    72.52000000000000     7.74007021083704
                 245    66.38000000000000     5.52090608871443
                 246    63.79000000000000     8.02054810590847
                 247    66.05000000000000     5.36048957510865
                 248    70.98999999999999     8.54636197632086
                 249    66.29000000000001     7.88079752924599
                 250    63.14000000000000     6.03360957010349
                 251    76.91000000000000     6.38352519689504
                 252    69.81000000000000     6.00957989422310
                 253    70.94000000000000     7.26527648642792
                 254    64.56999999999999     6.09396953114016
                 255    68.56000000000000     7.24787673541136
                 256    66.95999999999999     8.42665324126280
                 257    74.48999999999999     6.30615380065978
                 258    66.69000000000000     5.51342713635347
                 259    71.17000000000000     6.91514952327807
                 260    68.88000000000000     7.82417904816714
                 261    66.42000000000000     6.47946250420776
                 262    63.93000000000000     5.11337126136619
                 263    72.04000000000001     7.14060801530814
                 264    76.86000000000000     6.65000949342377
                 265    68.90000000000001     7.51631222707982
                 266    64.04000000000001     7.66458469754615
                 267    63.15000000000000     6.31716436833534
                 268    65.20999999999999     6.91403929652843
                 269    78.04000000000001     6.59801010712604
                 270    73.27000000000000     6.66189981093300
                 271    68.94000000000000     8.21039006689116
                 272    65.54000000000001     7.46225519030625
                 273    62.60000000000000     6.62410657211883
                 274    62.21000000000000     7.68613470261006
                 275    75.20999999999999     7.31995335857526
                 276    70.18000000000001     6.42655475823602
                 277    71.70000000000000     5.43371443169887
                 278    67.76000000000001     5.65528268278626
                 279    62.85000000000000     8.22704949750173
                 280    65.02000000000000     5.81530547587810
                 281    73.81000000000000     5.69546159922818
                 282    74.84000000000000     6.21942216939903
                 283    75.48000000000000     5.16882652802043
                 284    70.95999999999999     6.38641234389564
                 285    65.73000000000000     5.38395483793927
                 286    60.34000000000000     6.23807144504897
                 287    75.38000000000000     4.75836318517409
                 288    72.98999999999999     4.93696631177856
                 289    76.78000000000000     6.91445565244994
                 290    67.26000000000001     7.93358797656005
                 291    72.76000000000001     7.15361037617659
                 292    63.17000000000000     7.04682033031046
                 293    66.56999999999999     7.09140182178248
                 294    73.63000000000000     7.43681125322955
                 295    69.20999999999999     5.29969505507323
                 296    63.87000000000000     6.19327592366646
                 297    61.30000000000000     6.92309850639819
                 298    63.68000000000000     5.06698563589275
                 299    61.49000000000000     5.35694583572288
                 300    63.77000000000000     4.15812457725836
 l=         400
                   1    75.86000000000000     6.09689439076332
                   2    61.28000000000000     5.81026607989616
                   3    76.43000000000001     7.59087038035251
                   4    67.98999999999999     6.60959663495191
                   5    69.94000000000000     6.54868326652408
                   6    70.90000000000001     5.67735177986385
                   7    76.79000000000001     8.57444523634685
                   8    75.42000000000000     7.66887978597378
                   9    72.37000000000000     6.97420210127976
                  10    65.65000000000001     5.12150348821496
                  11    63.46000000000000     6.14540971832315
                  12    63.42000000000000     6.79301483179968
                  13    69.18000000000001     6.54183120812174
                  14    67.48000000000000     6.75768174940657
                  15    70.78000000000000     6.49565511349974
                  16    69.39000000000000     6.67256557203684
                  17    67.13000000000000     5.20810363129839
                  18    67.78000000000000     7.64830475704032
                  19    73.45999999999999     7.18081056734129
                  20    74.51000000000001     9.11264522684292
                  21    73.23000000000000     7.39622480824788
                  22    65.22000000000000     6.77127026562232
                  23    62.13000000000000     8.01218138243578
                  24    69.51000000000001     7.55918733273049
                  25    74.40000000000001     6.46669790682863
                  26    68.92000000000000     9.54699169922393
                  27    63.13000000000000     6.40494600549710
                  28    65.11000000000000     6.09005647582909
                  29    65.28000000000000     6.50420221584834
                  30    69.28000000000000     8.71789057981437
                  31    73.31999999999999     6.52095301952317
                  32    72.47000000000000     5.90916938564828
                  33    78.86000000000000     8.15137095738186
                  34    71.45000000000000     6.49844581263843
                  35    67.37000000000000     6.56075722409657
                  36    69.20000000000000     8.06538933037365
                  37    69.17000000000000     6.75256030754785
                  38    67.78000000000000     7.99946967939220
                  39    66.63000000000000     7.59938195254102
                  40    67.70000000000000     5.78660941181004
                  41    65.62000000000000     5.35936827273777
                  42    62.66000000000000     7.38442258878086
                  43    63.46000000000000     5.95169104226910
                  44    73.09000000000000     6.38510735693582
                  45    70.20999999999999     7.49719812983356
                  46    72.37000000000000     6.55921743299712
                  47    71.19000000000000     6.69040470760291
                  48    68.22000000000000     7.11461719123227
                  49    67.27000000000000     7.21230009964039
                  50    68.09000000000000     5.89486165566198
                  51    74.39000000000000     7.32767688185338
                  52    68.62000000000000     9.61141997518545
                  53    67.94000000000000     5.17925153517827
                  54    63.76000000000000     6.36930771811826
                  55    65.70000000000000     6.91872003109584
                  56    67.56999999999999     7.37762793446470
                  57    75.59000000000000     7.46858065295522
                  58    75.04000000000001     6.48217446992796
                  59    72.42000000000000     9.37240738561978
                  60    65.84000000000000     6.49431764053481
                  61    63.95000000000000     6.92291612521542
                  62    63.17000000000000     7.77077534709050
                  63    70.06999999999999     6.29294137197472
                  64    76.20000000000000     8.51617593320221
                  65    64.87000000000000     6.30801158060209
                  66    65.01000000000001     5.86634813184833
                  67    66.06999999999999     6.86854196222668
                  68    67.84999999999999     6.74405836513321
                  69    76.52000000000000     6.54198561276129
                  70    72.48000000000000     7.33123937046600
                  71    68.83000000000000     5.12481583803139
                  72    65.62000000000000     7.78340633279634
                  73    66.40000000000001     6.37545799503570
                  74    68.52000000000000     6.13893025261443
                  75    68.55000000000000     7.43914706743381
                  76    70.19000000000000     6.46622147795915
                  77    66.16000000000000     7.71423975188061
                  78    63.37000000000000     6.94372036629159
                  79    66.94000000000000     6.25844076492546
                  80    70.61000000000000     6.70428025498440
                  81    76.80000000000000     7.57987766751848
                  82    74.98999999999999     9.20418767230822
                  83    67.34000000000000     7.61739105367753
                  84    65.40000000000001     7.22928947149208
                  85    63.82000000000000     5.69667633029306
                  86    68.11000000000000     7.08661421343797
                  87    74.25000000000000     9.03570359152730
                  88    71.11000000000000     6.91783670278973
                  89    69.26000000000001     5.65438955256191
                  90    69.76000000000001     8.69124719345721
                  91    69.83000000000000     6.59974746991631
                  92    66.34000000000000     7.11694520780574
                  93    73.56000000000000     6.06416864987621
                  94    73.45999999999999     8.13698378089234
                  95    69.68000000000001     6.82520580960269
                  96    67.98999999999999     7.62305779205498
                  97    64.40000000000001     6.26357112455213
                  98    65.76000000000001     7.21267122934536
                  99    67.34000000000000     6.69119729287078
                 100    66.16000000000000     7.78073248350038
                 101    69.12000000000000     7.21429557240765
                 102    69.40000000000001     6.17096492299284
                 103    69.45999999999999     5.74266330357107
                 104    70.18000000000001     6.61094898366690
                 105    74.29000000000001     7.28537347475520
                 106    72.81000000000000     6.66771961381737
                 107    69.40000000000001     8.15382416322847
                 108    63.25000000000000     5.80730122128579
                 109    63.92000000000000     6.47712369135647
                 110    68.93000000000001     6.65188512811036
                 111    69.25000000000000     7.21442858430103
                 112    69.13000000000000     7.67345549227460
                 113    72.28000000000000     8.46511558209230
                 114    70.55000000000000     5.71967188435197
                 115    68.76000000000001     8.25003213951499
                 116    65.50000000000000     6.36673806084038
                 117    64.02000000000000     7.82508269553231
                 118    64.91000000000000     7.30448181224750
                 119    73.67000000000000     6.60127780712709
                 120    68.40000000000001     6.57512914187419
                 121    67.70000000000000     7.49747432220486
                 122    67.84000000000000     6.57162556954234
                 123    65.66000000000000     6.54775773170719
                 124    67.04000000000001     9.40225633783850
                 125    73.63000000000000     8.18801168499016
                 126    71.84999999999999     6.43753984002578
                 127    72.20000000000000     7.42504633866437
                 128    71.84999999999999     5.13135538438024
                 129    67.12000000000000     6.03906474798068
                 130    69.62000000000000     7.16864666094619
                 131    73.23999999999999     7.07552332361574
                 132    67.95000000000000     7.92435830496417
                 133    68.58000000000000     7.91262895438027
                 134    68.45999999999999     7.70336408212790
                 135    65.19000000000000     6.90000000000000
                 136    66.28000000000000     5.60137068362321
                 137    67.93000000000001     8.38740638449013
                 138    70.14000000000000     5.07124992063848
                 139    67.70000000000000     7.62173924317207
                 140    71.67000000000000     6.02193800812806
                 141    64.94000000000000     8.18204489023732
                 142    70.40000000000001     7.15202874375622
                 143    69.03000000000000     7.75828654414170
                 144    71.31999999999999     8.71765884613385
                 145    68.22000000000000     5.48566543388541
                 146    68.73999999999999     8.66389232983827
                 147    68.01000000000001     5.29626321479626
                 148    66.19000000000000     7.68271705935741
                 149    68.98999999999999     6.85122565161103
                 150    69.04000000000001     7.37443029814658
                 151    71.01000000000001     7.79211593259948
                 152    69.47000000000000     8.98534721902636
                 153    66.62000000000000     6.68751286225516
                 154    69.48000000000000     7.54311512961229
                 155    69.62000000000000     6.69656930107054
                 156    68.42000000000000     7.11404926674654
                 157    68.68000000000001     6.91927479121647
                 158    71.98999999999999     7.03166718739897
                 159    69.90000000000001     6.41573192719398
                 160    63.09000000000000     6.42453472748389
                 161    64.86000000000000     6.22964564389379
                 162    70.56999999999999     6.04069532421558
                 163    70.70000000000000     6.60501798833755
                 164    64.67000000000000     6.85057691296171
                 165    66.14000000000000     8.31333357634079
                 166    68.30000000000000     6.84975852999155
                 167    66.13000000000000     6.57152565961280
                 168    65.22000000000000     7.80517828629225
                 169    74.51000000000001     7.47723143275570
                 170    74.31999999999999     7.11362329362726
                 171    72.29000000000001     7.29507236482825
                 172    68.01000000000001     7.16683579786333
                 173    66.64000000000000     6.73978089144198
                 174    66.03000000000000     6.92740859910760
                 175    71.20000000000000     7.46304024489817
                 176    75.34999999999999     6.61246909064590
                 177    69.34000000000000     6.11872436695656
                 178    70.33000000000000     6.10523041201873
                 179    70.19000000000000     5.41545674132586
                 180    64.23999999999999     6.84477239146117
                 181    69.87000000000000     5.70602198284294
                 182    73.73999999999999     6.43007453968137
                 183    71.50000000000000     7.33677605139225
                 184    68.93000000000001     7.27282891343117
                 185    68.25000000000000     5.65216504509287
                 186    63.16000000000000     6.00121199880036
                 187    70.42000000000000     6.79152769889430
                 188    70.86000000000000     7.41962998342297
                 189    70.94000000000000     8.46719158477788
                 190    69.15000000000001     7.46219427744571
                 191    67.62000000000000     8.13991288762858
                 192    67.16000000000000     7.33983183139310
                 193    67.81999999999999     6.82298551318492
                 194    64.95999999999999     7.92887575303527
                 195    72.39000000000000     7.37302618681876
                 196    71.38000000000000     6.98162089367722
                 197    69.31999999999999     5.93377594535697
                 198    66.77000000000000     7.45878236332408
                 199    64.31999999999999     6.00316414884516
                 200    67.56999999999999     6.33453736561429
                 201    71.69000000000000     7.85949210583077
                 202    74.73000000000000     8.04012035690607
                 203    70.27000000000000     6.10655385630881
                 204    67.65000000000001     5.69134554753216
                 205    69.08000000000000     5.77469226081102
                 206    66.73999999999999     6.18342522189340
                 207    67.04000000000001     5.41774115217027
                 208    67.95999999999999     5.60288525960717
                 209    69.83000000000000     5.89650641302016
                 210    68.81000000000000     6.44431469740514
                 211    67.86000000000000     6.04197439132727
                 212    66.55000000000000     7.04154339142587
                 213    65.97000000000000     7.69291291325393
                 214    74.97000000000000     5.85593888305028
                 215    71.48999999999999     7.46100299266564
                 216    69.31999999999999     7.34417930724528
                 217    66.11000000000000     7.24449634362026
                 218    65.27000000000000     7.19968433651466
                 219    70.89000000000000     6.95279175089497
                 220    74.29000000000001     7.93062724409920
                 221    68.05000000000000     5.68068675603593
                 222    70.31999999999999     5.48069154377254
                 223    65.17000000000000     7.44278513092045
                 224    66.22000000000000     7.42991496341892
                 225    68.31999999999999     6.25692343800777
                 226    70.73000000000000     7.49525776000325
                 227    70.47000000000000     6.78896162899747
                 228    65.48000000000000     6.24172988194714
                 229    69.04000000000001     7.90463359829109
                 230    71.45999999999999     7.44463741646470
                 231    71.76000000000001     7.08408373921726
                 232    65.79000000000001     8.12191821896500
                 233    72.50000000000000     7.59651701156989
                 234    69.78000000000000     7.38628267243894
                 235    67.84999999999999     6.43283088004909
                 236    64.64000000000000     6.20609019879308
                 237    74.34999999999999     7.45000169480016
                 238    71.31999999999999     7.67111860200718
                 239    67.75000000000000     6.37763611569698
                 240    67.95999999999999     6.56885827141209
                 241    62.54000000000000     6.29962320502207
                 242    62.41000000000000     6.47309115422524
                 243    72.81000000000000     8.34931195374865
                 244    70.23999999999999     6.53215821219074
                 245    68.45999999999999     8.97180769596258
                 246    72.58000000000000     7.18047295929676
                 247    66.73000000000000     7.57301829263643
                 248    65.70000000000000     8.47515680257792
                 249    66.81000000000000     6.89707154954883
                 250    66.53000000000000     5.25598264222339
                 251    71.26000000000001     6.13092838225035
                 252    70.52000000000000     7.45827450459277
                 253    67.89000000000000     7.33594306180607
                 254    68.69000000000000     8.30199562232668
                 255    71.52000000000000     9.65828267563257
                 256    67.68000000000001     5.95925559719729
                 257    68.54000000000001     5.13144396556341
                 258    68.03000000000000     6.94342942076983
                 259    68.66000000000000     7.32950313197397
                 260    69.55000000000000     6.53873462567877
                 261    68.92000000000000     8.68026904577679
                 262    69.41000000000000     6.50111878483584
                 263    70.31999999999999     8.00615924514282
                 264    72.37000000000000     6.31761206645535
                 265    67.28000000000000     5.25718363746025
                 266    64.87000000000000     6.06306086648543
                 267    63.50000000000000     7.60581914381908
                 268    70.69000000000000     8.30564491016425
                 269    70.52000000000000     6.71419422123043
                 270    71.97000000000000     7.71389275360641
                 271    67.91000000000000     7.15357507569721
                 272    66.64000000000000     5.76565939705324
                 273    64.44000000000000     5.78804061331761
                 274    61.80000000000000     6.16605238545717
                 275    69.48999999999999     5.87667019027379
                 276    69.92000000000000     6.88972298632411
                 277    73.68000000000001     5.52474689762602
                 278    74.31999999999999     7.13913669341558
                 279    66.17000000000000     5.20111681868579
                 280    67.56999999999999     5.55824076520983
                 281    72.52000000000000     6.88796344386644
                 282    75.03000000000000     8.64268827426170
                 283    73.47000000000000     6.59423531532955
                 284    70.95999999999999     9.63151393115644
                 285    69.76000000000001     5.54525914542314
                 286    64.73000000000000     5.76624626248272
                 287    70.65000000000001     7.58304195244397
                 288    73.92000000000000     7.34940387880115
                 289    71.84999999999999     6.56955789297049
                 290    68.64000000000000     6.57592794081780
                 291    64.91000000000000     6.35815709275586
                 292    64.38000000000000     6.66784838011499
                 293    68.70999999999999     6.23819288777211
                 294    76.54000000000001     6.11244797131396
                 295    71.00000000000000     6.39286218126802
                 296    65.38000000000000     7.30404620118814
                 297    62.56000000000000     6.41229878885691
                 298    63.46000000000000     7.13423953462272
                 299    61.89000000000000     5.68338887380664
                 300    58.84000000000000     5.36113963461298
 l=         500
                   1    75.66000000000000     8.26116630306331
                   2    68.15000000000001     7.54565230360296
                   3    74.36000000000000     7.46239055043843
                   4    64.09999999999999     6.92747421430777
                   5    64.75000000000000     5.67712937846215
                   6    70.81000000000000     7.29147142595756
                   7    77.23999999999999     6.52906477749202
                   8    76.44000000000000     6.74097975674220
                   9    72.79000000000001     8.75744416384303
                  10    66.22000000000000     6.43629230115123
                  11    63.53000000000000     5.78827620403013
                  12    61.79000000000000     6.69432897339535
                  13    66.50000000000000     5.70928713553274
                  14    71.18000000000001     6.06593402169489
                  15    74.11000000000000     5.06701553822824
                  16    71.73999999999999     5.63291194407448
                  17    64.67000000000000     7.78246539836623
                  18    66.58000000000000     5.30709454647762
                  19    76.93000000000001     9.02326398424056
                  20    76.58000000000000     6.36623035154155
                  21    73.90000000000001     9.34793230526614
                  22    61.25000000000000     6.78884259932309
                  23    58.87000000000000     6.20793724585590
                  24    65.87000000000000     9.51410967081433
                  25    70.81000000000000     7.76510583874223
                  26    70.70999999999999     9.16768038471912
                  27    66.09000000000000     5.69617096270500
                  28    64.84000000000000     7.23169231489931
                  29    68.45000000000000     6.42811847049407
                  30    69.37000000000000     7.01319823582291
                  31    72.18000000000001     6.13547393475357
                  32    72.04000000000001     9.70568926147978
                  33    77.76000000000001     7.56803485160788
                  34    71.39000000000000     6.97310127663018
                  35    69.56000000000000     6.81549037787517
                  36    67.55000000000000     7.12283991711512
                  37    67.54000000000001     5.50925758990439
                  38    68.42000000000000     6.63961176910551
                  39    66.53000000000000     6.23359260520583
                  40    65.94000000000000     5.69036044730050
                  41    64.40000000000001     7.17036550073575
                  42    64.02000000000000     7.59183506116667
                  43    69.06000000000000     6.22283186046645
                  44    72.48000000000000     7.02158288868160
                  45    71.84999999999999     6.41868327225257
                  46    72.95999999999999     6.68168006453830
                  47    73.98999999999999     6.63856957940535
                  48    68.27000000000000     6.40368422997041
                  49    69.37000000000000     8.43951145122474
                  50    72.29000000000001     9.16768038471912
                  51    67.67000000000000     7.73559919783173
                  52    70.37000000000000     7.07914136207510
                  53    66.73000000000000     7.26532514722841
                  54    64.66000000000000     8.82285828305251
                  55    64.20000000000000     6.50407797485780
                  56    66.03000000000000     5.19606494465676
                  57    73.48000000000000     8.59466595210558
                  58    72.98999999999999     8.36478307905208
                  59    69.58000000000000     7.78652033901530
                  60    67.73999999999999     6.83960539945120
                  61    71.66000000000000     8.17265704849550
                  62    71.45000000000000     6.28028018418917
                  63    71.38000000000000     6.98162089367722
                  64    73.48999999999999     6.60653945998687
                  65    61.56000000000000     5.83150620735884
                  66    63.59000000000000     6.16948338619412
                  67    66.02000000000000     7.13078402478162
                  68    68.84000000000000     6.54852901980531
                  69    69.95000000000000     6.54953926978567
                  70    66.95999999999999     8.47684904295044
                  71    66.87000000000000     7.04911341943084
                  72    68.28000000000000     7.04398876899856
                  73    64.37000000000000     6.15564945412100
                  74    73.40000000000001     5.75948931518387
                  75    73.62000000000000     6.43974401900441
                  76    73.42000000000000     6.45447147489258
                  77    67.28000000000000     6.86975511598014
                  78    65.90000000000001     8.97414918169703
                  79    64.45999999999999     5.95847584063528
                  80    65.98999999999999     5.37764733959851
                  81    76.36000000000000     7.08180197350358
                  82    73.23000000000000     7.63148052146468
                  83    70.90000000000001     6.81723899205151
                  84    66.03000000000000     7.09738179069072
                  85    63.73000000000000     8.64899713927295
                  86    61.27000000000000     6.46022015448734
                  87    68.59000000000000     8.80208308678501
                  88    69.98999999999999     8.51083088918129
                  89    69.29000000000001     5.27485937387353
                  90    68.94000000000000     6.28099586776723
                  91    68.56000000000000     6.44842788765000
                  92    69.88000000000000     5.46481860853976
                  93    74.98000000000000     6.28928863347450
                  94    70.78000000000000     7.58198289674045
                  95    70.26000000000001     6.04798989898146
                  96    70.26000000000001     6.34149394500582
                  97    64.52000000000000     9.67813322011340
                  98    75.23000000000000     8.55269465481995
                  99    65.23999999999999     5.65885379406698
                 100    64.12000000000000     6.43111125072424
                 101    66.23000000000000     8.64549278263220
                 102    74.22000000000000     6.19804465745105
                 103    73.00000000000000     7.73160900316213
                 104    67.06999999999999     7.08427622957841
                 105    74.70999999999999     7.98900127764050
                 106    68.69000000000000     8.42518470858280
                 107    68.42000000000000     8.17384347609600
                 108    63.57000000000000     5.49242821316471
                 109    66.15000000000001     9.77357290210326
                 110    69.00000000000000     5.79968651190421
                 111    62.23000000000000     9.05633881473483
                 112    65.26000000000001     8.37700074096579
                 113    73.76000000000001     8.23655316748506
                 114    71.08000000000000     5.82693155212341
                 115    73.53000000000000     7.58980576267611
                 116    67.92000000000000     7.60605819147613
                 117    66.95000000000000     8.23318611081722
                 118    65.98999999999999     5.80924898221566
                 119    69.98000000000000     4.91335019116388
                 120    72.73000000000000     7.47366419941762
                 121    67.93000000000001     6.51378491657453
                 122    67.75000000000000     5.86786316999793
                 123    66.59999999999999     7.65677886753056
                 124    66.59000000000000     6.67438189927530
                 125    71.17000000000000     6.32304587132729
                 126    71.48000000000000     8.93238348636436
                 127    70.39000000000000     5.30655207733750
                 128    67.05000000000000     7.14832042150356
                 129    71.78000000000000     6.10444448121550
                 130    65.55000000000000     7.37505350091877
                 131    69.81999999999999     6.43440876550567
                 132    72.09999999999999     6.61724102537294
                 133    70.23999999999999     6.71666102714253
                 134    70.91000000000000     6.79586178300717
                 135    71.95999999999999     7.43037718090442
                 136    73.90000000000001     6.97397760509479
                 137    69.83000000000000     7.24471942838089
                 138    64.39000000000000     8.89545906174560
                 139    65.98999999999999     5.83007701319613
                 140    67.79000000000001     6.46872038616166
                 141    65.47000000000000     6.54657748504337
                 142    66.54000000000001     8.96955569094307
                 143    68.33000000000000     6.80916643024295
                 144    69.76000000000001     5.05948454275570
                 145    71.23000000000000     6.91485737562623
                 146    70.51000000000001     7.93088197421251
                 147    72.79000000000001     8.81378053236676
                 148    70.34999999999999     4.97544475449688
                 149    65.93000000000001     6.46865792522184
                 150    67.91000000000000     8.09925174246849
                 151    72.58000000000000     6.37257381045500
                 152    64.90000000000001     7.55117222821742
                 153    65.95000000000000     6.18629145936417
                 154    67.06000000000000     6.91042251920527
                 155    72.19000000000000     8.20285119191904
                 156    69.16000000000000     5.70790697368151
                 157    71.20999999999999     6.58479270360844
                 158    67.31999999999999     5.83766938412787
                 159    64.37000000000000     6.60219583918790
                 160    63.29000000000000     5.95147889268718
                 161    66.48999999999999     6.49396767482070
                 162    64.31000000000000     7.40419618946724
                 163    68.93000000000001     6.86707118549580
                 164    69.66000000000000     6.23969048701435
                 165    68.70000000000000     5.62910904911858
                 166    64.77000000000000     7.62485966090425
                 167    66.83000000000000     7.28919914959279
                 168    69.11000000000000     7.06234144364790
                 169    73.06000000000000     6.20006516746462
                 170    73.01000000000001     5.56412571294853
                 171    69.39000000000000     7.68429462204462
                 172    71.08000000000000     7.24977185290626
                 173    64.41000000000000     5.94604528619271
                 174    65.26000000000001     8.24206995673521
                 175    79.15000000000001     6.98103491502861
                 176    71.79000000000001     8.30150892940859
                 177    71.30000000000000     7.10597984059549
                 178    68.88000000000000     5.39599552230797
                 179    69.63000000000000     6.63424692962452
                 180    68.63000000000000     5.75010759670959
                 181    73.92000000000000     7.68926839724356
                 182    69.48000000000000     7.73745971416219
                 183    65.13000000000000     6.35586899700353
                 184    65.45999999999999     5.75671763940164
                 185    67.29000000000001     7.47696124738851
                 186    69.58000000000000     7.30736448780104
                 187    68.72000000000000     5.53607088177895
                 188    74.28000000000000     6.29266046736798
                 189    68.05000000000000     5.95331161555644
                 190    67.67000000000000     7.12805667199637
                 191    69.44000000000000     7.07152491662616
                 192    67.18000000000001     8.53676540830095
                 193    66.03000000000000     7.04596022949005
                 194    71.81000000000000     6.99883828744009
                 195    73.77000000000000     7.40714233532457
                 196    76.11000000000000     6.06512634458323
                 197    68.92000000000000     8.14102964227275
                 198    66.54000000000001     7.04447630875756
                 199    65.28000000000000     6.80029708204284
                 200    65.83000000000000     7.73168085793050
                 201    71.70000000000000     6.62029325848054
                 202    67.31999999999999    11.86870939176887
                 203    70.19000000000000     6.66165720880899
                 204    65.76000000000001     6.44811459406405
                 205    66.93000000000001     6.34091253032020
                 206    65.64000000000000     5.82665418485592
                 207    66.29000000000001     6.02904585646800
                 208    68.81000000000000     6.75052560617290
                 209    72.02000000000000     8.01511198936236
                 210    68.87000000000000     7.50441620822450
                 211    68.91000000000000     7.13236328720054
                 212    67.97000000000000     6.64307188282680
                 213    73.18000000000001     6.72456675034147
                 214    73.02000000000000     5.96111981887208
                 215    67.65000000000001     5.51467280639714
                 216    63.92000000000000     7.15863538714332
                 217    65.19000000000000     5.84944959855717
                 218    68.06999999999999     8.31483401196107
                 219    71.79000000000001     7.09003426356924
                 220    72.22000000000000     6.86607823309859
                 221    71.12000000000000     8.05947588340281
                 222    68.23000000000000     7.52753195766962
                 223    64.00000000000000     7.15061627632983
                 224    65.54000000000001     5.70914559582635
                 225    69.86000000000000     5.77528695338504
                 226    68.08000000000000     6.36543697469293
                 227    66.47000000000000     7.02442348186136
                 228    65.34000000000000     7.42806580585832
                 229    68.93000000000001     7.65711526238270
                 230    69.62000000000000     8.88055417326207
                 231    71.14000000000000     5.79449407767077
                 232    74.81000000000000     8.37226662767308
                 233    73.56000000000000     7.65324252928921
                 234    69.78000000000000     6.33027039172287
                 235    70.20999999999999     7.89232461818366
                 236    61.26000000000000     5.67578588871580
                 237    74.68000000000001     6.86063283001524
                 238    68.53000000000000     6.13230393205943
                 239    71.95999999999999     6.37849923769318
                 240    66.65000000000001     6.04925072578698
                 241    62.89000000000000     6.82078670778755
                 242    64.76000000000001     6.38989100616803
                 243    70.54000000000001     6.68545836389350
                 244    74.13000000000000     8.70580324272322
                 245    63.98000000000000     6.46822848993291
                 246    64.73000000000000     6.30192370822136
                 247    68.58000000000000     6.27996654433603
                 248    68.15000000000001     5.08389216997760
                 249    68.33000000000000     7.49283159109593
                 250    71.02000000000000     6.85046632638165
                 251    71.89000000000000     7.65004126218489
                 252    71.91000000000000     5.20507716396484
                 253    68.13000000000000     7.75594265480647
                 254    64.15000000000001     6.50776536923467
                 255    70.51000000000001     8.56289269541148
                 256    64.87000000000000     5.56623115697950
                 257    66.18000000000001     9.06584220850413
                 258    69.43000000000001     7.49714423745280
                 259    72.73999999999999     7.20636643335025
                 260    70.04000000000001     7.70008526779497
                 261    69.87000000000000     7.31768992637607
                 262    68.30000000000000     5.54959275965181
                 263    70.26000000000001     5.15148306585373
                 264    67.83000000000000     5.99672469525716
                 265    72.59999999999999     5.12076383191240
                 266    68.06000000000000     6.51931086399583
                 267    70.40000000000001     6.61036834805517
                 268    66.12000000000000     7.29643610250783
                 269    65.16000000000000     7.76513835919063
                 270    69.39000000000000     7.13491203148082
                 271    69.98999999999999     6.64313270386887
                 272    66.59999999999999     5.99663205137650
                 273    63.14000000000000     5.44396617153043
                 274    63.71000000000000     6.26082093561849
                 275    67.59000000000000     6.80625826097949
                 276    72.83000000000000     5.64801744066899
                 277    73.16000000000000     6.61910305498602
                 278    68.11000000000000     5.92698843589153
                 279    65.98999999999999     6.70066331708204
                 280    67.78000000000000     6.00602391206722
                 281    74.98000000000000     5.69951264973107
                 282    73.19000000000000     6.90292720810556
                 283    76.09000000000000     6.65771368527902
                 284    69.06999999999999     6.10721547090659
                 285    65.33000000000000     7.06828883611211
                 286    68.31000000000000     6.20474728646453
                 287    72.19000000000000     8.45390950144286
                 288    72.52000000000000     5.93309499010560
                 289    72.02000000000000     7.95312021863879
                 290    67.61000000000000     5.85497284969854
                 291    65.31999999999999     5.31603254506611
                 292    66.13000000000000     7.07914136207509
                 293    71.37000000000000     6.47708470398730
                 294    73.39000000000000     6.96585467212253
                 295    69.84999999999999     4.33304194824520
                 296    71.55000000000000     6.88194094068753
                 297    64.59000000000000     5.10712514754899
                 298    58.01000000000000     6.05946125551362
                 299    59.23000000000000     6.56722040427941
                 300    64.75000000000000     5.16862133113333
