 l=          10
           1  -4.2585470372595285E-003
           2  -2.3954327084584909E-003
           3   1.8986022207782113E-002
           4   5.5893429864031395E-003
           5  -1.3307959491436165E-002
           6   3.3181178998647094E-002
           7   6.4765402858322305E-003
           8  -1.0202768943434254E-002
           9   3.5487891977162354E-004
          10   2.2357371945612530E-002
          11  -4.7021456869740736E-003
          12  -6.6539797457179830E-003
          13   7.3637375852612505E-003
          14  -1.1799724082406595E-002
          15  -1.0114049213491363E-002
          16  -8.1622151547474462E-003
          17   4.5247062270882552E-003
          18  -4.2585470372595276E-003
          19  -1.4904914630408292E-002
          20   3.4600694677732447E-003
          21   5.9442219061747814E-003
          22  -1.0025329483548433E-002
          23  -6.2991008259463341E-003
          24   1.4993634360351412E-002
          25  -4.7908654169169446E-003
          26  -1.2243322732121076E-002
          27  -1.2420762192006930E-002
          28   2.3067129785156056E-003
          29  -2.6615918982871968E-003
          30   1.0557647863205972E-002
          31  -1.8098824908353080E-002
          32   1.9607060317382415E-002
          33  -1.0823807053034569E-002
          34  -1.4106437060922185E-002
          35  -9.8478900236627052E-003
          36  -1.2686921381835685E-002
          37  -1.4727475170522491E-002
          38   8.5170940745190465E-003
          39  -5.2344640666315521E-003
          40   4.1964432262994907E-002
          41  -6.6539797457180489E-003
          42  -1.6945468419095215E-002
          43   7.0975783954323624E-004
          44   5.7667824462889709E-003
          45  -8.1622151547474722E-003
          46   3.2826300078875408E-003
          47  -1.0557647863205814E-002
          48   3.3269898728590042E-002
          49  -4.9683048768027855E-003
          50  -7.5411770451469613E-003
          51  -3.9302840364707874E-002
          52   5.4207754995116063E-002
          53  -1.0202768943434283E-002
          54   3.0164708180588835E-003
          55   2.6615918982869001E-004
          56   3.4689414407676845E-002
          57   1.4283876520807849E-002
          58  -6.1571492580377106E-002
          59  -1.2420762192007343E-003
          60  -6.3878205558892311E-003
          61   2.2002493025840501E-002
          62   1.9518340587439592E-002
          63   1.3041800301607348E-002
          64  -1.0291488673377243E-002
          65  -1.1356125432692090E-002
          66  -1.4195156790865315E-003
          67  -2.1292735186297712E-003
          68  -8.4283743445761668E-003
          69  -1.4195156790864981E-003
          70   8.8719729942918178E-005
          71  -1.0912526782977555E-002
          72  -7.2750178553183656E-003
          73  -1.2775641111778563E-002
          74   4.4359864971452032E-004
          75  -4.3472667672024325E-003
          76  -1.5082354090294318E-003
          77  -7.1862981253754546E-003
          78   4.4359864971453338E-003
          79   1.2154603002178297E-002
          80   2.3422008704927399E-002
          81  -7.5411770451471877E-003
          82   5.3231837965744388E-003
          83  -1.1711004352463680E-002
          84   2.3688167894756113E-002
          85   1.6856748689152220E-003
          86   6.2103810960035665E-004
          87  -3.4600694677733722E-003
          88  -8.8719729942906658E-005
          89  -1.0646367593148823E-003
          90   1.7743945988581372E-003
          91  -6.0329416361176707E-003
          92   2.6615918982872103E-003
          93  -5.7667824462889553E-003
          94   1.2420762192007064E-003
          95  -8.9606927242335700E-003
          96  -1.4195156790865091E-003
          97  -1.0291488673377199E-002
          98   8.5170940745190812E-003
          99   2.4841524384014006E-003
         100   1.8631143288010377E-003
         101   2.2179932485726730E-003
         102  -2.6615918982872259E-004
         103  -1.0646367593148802E-003
         104   1.7743945988581383E-003
         105   2.6615918982872075E-004
         106   1.7743945988581391E-004
         107  -8.8719729942906902E-005
         108  -8.8719729942906902E-005
         109  -8.8719729942906902E-005
         110   0.0000000000000000     
         111   0.0000000000000000     
         112   0.0000000000000000     
         113   0.0000000000000000     
         114   0.0000000000000000     
         115   0.0000000000000000     
         116   0.0000000000000000     
         117   0.0000000000000000     
         118   0.0000000000000000     
         119   0.0000000000000000     
         120   0.0000000000000000     
         121   0.0000000000000000     
         122   0.0000000000000000     
         123   0.0000000000000000     
         124   0.0000000000000000     
         125   0.0000000000000000     
         126   0.0000000000000000     
         127   0.0000000000000000     
         128   0.0000000000000000     
         129   0.0000000000000000     
         130   0.0000000000000000     
         131   0.0000000000000000     
         132   0.0000000000000000     
         133   0.0000000000000000     
         134   0.0000000000000000     
         135   0.0000000000000000     
         136   0.0000000000000000     
         137   0.0000000000000000     
         138   0.0000000000000000     
         139   0.0000000000000000     
         140   0.0000000000000000     
         141   0.0000000000000000     
         142   0.0000000000000000     
         143   0.0000000000000000     
         144   0.0000000000000000     
         145   0.0000000000000000     
         146   0.0000000000000000     
         147   0.0000000000000000     
         148   0.0000000000000000     
         149   0.0000000000000000     
         150   0.0000000000000000     
         151   0.0000000000000000     
         152   0.0000000000000000     
         153   0.0000000000000000     
         154   0.0000000000000000     
         155   0.0000000000000000     
         156   0.0000000000000000     
         157   0.0000000000000000     
         158   0.0000000000000000     
         159   0.0000000000000000     
         160   0.0000000000000000     
         161   0.0000000000000000     
         162   0.0000000000000000     
         163   0.0000000000000000     
         164   0.0000000000000000     
         165   0.0000000000000000     
         166   0.0000000000000000     
         167   0.0000000000000000     
         168   0.0000000000000000     
         169   0.0000000000000000     
         170   0.0000000000000000     
         171   0.0000000000000000     
         172   0.0000000000000000     
         173   0.0000000000000000     
         174   0.0000000000000000     
         175   0.0000000000000000     
         176   0.0000000000000000     
         177   0.0000000000000000     
         178   0.0000000000000000     
         179   0.0000000000000000     
         180   0.0000000000000000     
         181   0.0000000000000000     
         182   0.0000000000000000     
         183   0.0000000000000000     
         184   0.0000000000000000     
         185   0.0000000000000000     
         186   0.0000000000000000     
         187   0.0000000000000000     
         188   0.0000000000000000     
         189   0.0000000000000000     
         190   0.0000000000000000     
         191   0.0000000000000000     
         192   0.0000000000000000     
         193   0.0000000000000000     
         194   0.0000000000000000     
         195   0.0000000000000000     
         196   0.0000000000000000     
         197   0.0000000000000000     
         198   0.0000000000000000     
         199   0.0000000000000000     
         200   0.0000000000000000     
         201  -2.6615918982872075E-004
         202   9.7591702937197564E-004
         203  -4.4359864971453447E-004
         204  -3.5487891977162761E-004
         205   0.0000000000000000     
         206   0.0000000000000000     
         207   0.0000000000000000     
         208   0.0000000000000000     
         209   0.0000000000000000     
         210   0.0000000000000000     
         211   0.0000000000000000     
         212   0.0000000000000000     
         213   0.0000000000000000     
         214   0.0000000000000000     
         215   0.0000000000000000     
         216   0.0000000000000000     
         217   0.0000000000000000     
         218   0.0000000000000000     
         219   0.0000000000000000     
         220   0.0000000000000000     
         221   0.0000000000000000     
         222   0.0000000000000000     
         223   0.0000000000000000     
         224   0.0000000000000000     
         225   0.0000000000000000     
         226   0.0000000000000000     
         227   0.0000000000000000     
         228   0.0000000000000000     
         229   0.0000000000000000     
         230   0.0000000000000000     
         231   0.0000000000000000     
         232   0.0000000000000000     
         233   0.0000000000000000     
         234   0.0000000000000000     
         235   0.0000000000000000     
         236   0.0000000000000000     
         237   0.0000000000000000     
         238   0.0000000000000000     
         239   0.0000000000000000     
         240   0.0000000000000000     
         241   0.0000000000000000     
         242   0.0000000000000000     
         243   0.0000000000000000     
         244   0.0000000000000000     
         245   0.0000000000000000     
         246   0.0000000000000000     
         247   0.0000000000000000     
         248   0.0000000000000000     
         249   0.0000000000000000     
         250   0.0000000000000000     
         251   0.0000000000000000     
         252   0.0000000000000000     
         253   0.0000000000000000     
         254   0.0000000000000000     
         255   0.0000000000000000     
         256   0.0000000000000000     
         257   0.0000000000000000     
         258   0.0000000000000000     
         259   0.0000000000000000     
         260   0.0000000000000000     
         261   0.0000000000000000     
         262   0.0000000000000000     
         263   0.0000000000000000     
         264   0.0000000000000000     
         265   0.0000000000000000     
         266   0.0000000000000000     
         267   0.0000000000000000     
         268   0.0000000000000000     
         269   0.0000000000000000     
         270   0.0000000000000000     
         271   0.0000000000000000     
         272   0.0000000000000000     
         273   0.0000000000000000     
         274   0.0000000000000000     
         275   0.0000000000000000     
         276   0.0000000000000000     
         277   0.0000000000000000     
         278   0.0000000000000000     
         279   0.0000000000000000     
         280   0.0000000000000000     
         281   0.0000000000000000     
         282   0.0000000000000000     
         283   0.0000000000000000     
         284   0.0000000000000000     
         285   0.0000000000000000     
         286   0.0000000000000000     
         287   0.0000000000000000     
         288   0.0000000000000000     
         289   0.0000000000000000     
         290   0.0000000000000000     
         291   0.0000000000000000     
         292   0.0000000000000000     
         293   0.0000000000000000     
         294   0.0000000000000000     
         295   0.0000000000000000     
         296   0.0000000000000000     
         297   0.0000000000000000     
         298   0.0000000000000000     
         299   0.0000000000000000     
         300   0.0000000000000000     
 l=          20
           1  -1.0402210122506223E-004
           2  -1.0974331679238426E-002
           3  -7.2295360351381163E-003
           4   1.4094994715988714E-002
           5  -1.4563094171501345E-002
           6   2.2364751763376919E-002
           7   1.1338409033526117E-002
           8  -1.5603315183757875E-004
           9  -3.5367514416502297E-003
          10   4.3689282514503651E-003
          11  -9.9341106669884240E-003
          12  -2.0804420245004577E-004
          13  -2.0804420245002040E-003
          14  -1.5239237829463749E-002
          15  -1.1650475337201070E-002
          16   8.3217680980006892E-004
          17   1.6071414639264051E-002
          18  -1.1702486387813566E-002
          19  -5.2531161118629811E-003
          20   7.4895912882006355E-003
          21   7.0735028833006468E-003
          22  -7.6976354906507895E-003
          23  -6.6574144784007552E-003
          24   7.9576907437133755E-003
          25  -3.4847403910377070E-003
          26  -3.1726740873627719E-003
          27   4.0048508971628023E-003
          28  -9.8820996163758758E-004
          29  -1.5343259930688887E-002
          30   3.0010376203415245E-002
          31  -1.1702486387813637E-002
          32   9.8820996163758255E-003
          33  -7.0214918326881775E-003
          34  -3.0166409355252867E-003
          35   2.0804420244995367E-004
          36  -1.2534663197613653E-002
          37  -2.2624807016439447E-002
          38   3.4327293404253665E-003
          39  -1.3210806855576209E-002
          40   4.1764873641841185E-002
          41   9.5700333127008916E-003
          42  -1.2274607944551093E-002
          43   1.6643536196001801E-003
          44  -1.0298188021275906E-002
          45  -3.1206630367502887E-003
          46   6.2413260735004394E-003
          47  -5.0450719094129242E-003
          48   2.1012464447451955E-002
          49   1.0402210122503882E-003
          50  -1.4042983665376575E-002
          51  -2.3300950674402014E-002
          52   2.4029105382977096E-002
          53   7.2815470857514079E-004
          54   1.3366840007413788E-002
          55  -1.5395270981301366E-002
          56   3.4119249201802856E-002
          57  -1.7163646702126275E-003
          58  -3.4899414960990652E-002
          59   1.2222596893938771E-002
          60  -5.2011050612509144E-004
          61   1.7111635651513909E-002
          62   1.0922320628625927E-002
          63   5.6692045167630401E-003
          64  -2.3404972775626300E-003
          65  -4.5249614032879370E-003
          66  -3.0686519861379126E-003
          67   1.9764199232751639E-003
          68  -9.2579670090258380E-003
          69  -2.2364751763376649E-003
          70  -4.2649061502253692E-003
          71  -4.6289835045129060E-003
          72  -4.2649061502253709E-003
          73   1.5603315183751109E-003
          74  -2.1324530751126634E-003
          75  -4.9930608588004662E-003
          76   4.1608840490007224E-004
          77  -1.0974331679238461E-002
          78   3.5367514416502683E-003
          79   4.6289835045129468E-003
          80   1.3886950513538643E-002
          81  -8.9459007053509058E-003
          82  -1.1234386932301044E-002
          83  -6.2933371241130241E-003
          84   1.9036044524176756E-002
          85   1.1962541640875874E-003
          86   7.0735028833006416E-003
          87  -1.1442431134751066E-003
          88   1.1962541640876110E-003
          89  -1.5603315183751400E-003
          90  -3.3287072392003112E-003
          91  -5.3571382130879986E-003
          92   4.1088729983878719E-003
          93  -5.8252376686005070E-003
          94   6.2413260735005817E-004
          95  -1.2534663197613675E-002
          96  -2.9126188343002648E-003
          97  -4.7330056057379331E-003
          98   4.1088729983878676E-003
          99   1.3522873159251140E-003
         100   8.1137238955507323E-003
         101   6.2413260735006088E-004
         102   1.9244088726626744E-003
         103  -1.7163646702126585E-003
         104   1.6123425689876529E-003
         105  -3.2766961885877968E-003
         106  -8.8418786041258193E-004
         107   1.1962541640876112E-003
         108  -3.3807182898128048E-003
         109  -4.5249614032879101E-003
         110  -8.3217680980007445E-004
         111  -1.6123425689876479E-003
         112  -2.6005525306252322E-004
         113  -1.7163646702126447E-003
         114   7.8016575918757030E-003
         115   4.0048508971628639E-003
         116   3.4847403910378103E-003
         117  -6.2413260735005665E-004
         118   1.5603315183750329E-004
         119   3.5887624922628239E-003
         120   1.0402210122500929E-003
         121  -1.1962541640876106E-003
         122  -4.4729503526753974E-003
         123  -8.3217680980007792E-004
         124   2.1324530751126859E-003
         125   6.4493702759505708E-003
         126   3.7447956441003373E-003
         127  -3.6407735428753301E-003
         128   2.4965304294002236E-003
         129  -3.0686519861377786E-003
         130   9.3619891102508269E-004
         131  -9.7780775151508886E-003
         132  -6.3155939532309949E-018
         133  -3.1206630367502751E-004
         134  -6.7614365796256164E-004
         135  -1.7163646702126564E-003
         136   2.6005525306252351E-003
         137   1.0402210122500940E-004
         138  -5.2011050612504700E-005
         139   0.0000000000000000     
         140   0.0000000000000000     
         141   0.0000000000000000     
         142   0.0000000000000000     
         143   0.0000000000000000     
         144   0.0000000000000000     
         145   0.0000000000000000     
         146   0.0000000000000000     
         147   0.0000000000000000     
         148   0.0000000000000000     
         149   0.0000000000000000     
         150   0.0000000000000000     
         151   0.0000000000000000     
         152   0.0000000000000000     
         153  -1.5603315183751411E-004
         154   1.5603315183751411E-004
         155  -4.6099225935992660E-020
         156  -4.6099225935992660E-020
         157   0.0000000000000000     
         158   0.0000000000000000     
         159   0.0000000000000000     
         160   0.0000000000000000     
         161   0.0000000000000000     
         162   0.0000000000000000     
         163   0.0000000000000000     
         164   0.0000000000000000     
         165   0.0000000000000000     
         166   0.0000000000000000     
         167   0.0000000000000000     
         168   0.0000000000000000     
         169   0.0000000000000000     
         170   0.0000000000000000     
         171   0.0000000000000000     
         172   0.0000000000000000     
         173   0.0000000000000000     
         174   0.0000000000000000     
         175   0.0000000000000000     
         176   0.0000000000000000     
         177   0.0000000000000000     
         178   0.0000000000000000     
         179   0.0000000000000000     
         180   0.0000000000000000     
         181   0.0000000000000000     
         182   0.0000000000000000     
         183   0.0000000000000000     
         184   0.0000000000000000     
         185   0.0000000000000000     
         186   0.0000000000000000     
         187   0.0000000000000000     
         188   0.0000000000000000     
         189   0.0000000000000000     
         190   0.0000000000000000     
         191   0.0000000000000000     
         192   0.0000000000000000     
         193   0.0000000000000000     
         194   0.0000000000000000     
         195   0.0000000000000000     
         196   0.0000000000000000     
         197   0.0000000000000000     
         198   0.0000000000000000     
         199   0.0000000000000000     
         200   0.0000000000000000     
         201  -1.5603315183751411E-004
         202   5.7212155673755144E-004
         203  -2.6005525306252344E-004
         204  -2.0804420245001880E-004
         205   0.0000000000000000     
         206   0.0000000000000000     
         207   0.0000000000000000     
         208   0.0000000000000000     
         209   0.0000000000000000     
         210   0.0000000000000000     
         211   0.0000000000000000     
         212   0.0000000000000000     
         213   0.0000000000000000     
         214   0.0000000000000000     
         215   0.0000000000000000     
         216   0.0000000000000000     
         217   0.0000000000000000     
         218   0.0000000000000000     
         219   0.0000000000000000     
         220   0.0000000000000000     
         221   0.0000000000000000     
         222   0.0000000000000000     
         223   0.0000000000000000     
         224   0.0000000000000000     
         225   0.0000000000000000     
         226   0.0000000000000000     
         227   0.0000000000000000     
         228   0.0000000000000000     
         229   0.0000000000000000     
         230   0.0000000000000000     
         231   0.0000000000000000     
         232   0.0000000000000000     
         233   0.0000000000000000     
         234   0.0000000000000000     
         235   0.0000000000000000     
         236   0.0000000000000000     
         237   0.0000000000000000     
         238   0.0000000000000000     
         239   0.0000000000000000     
         240   0.0000000000000000     
         241   0.0000000000000000     
         242   0.0000000000000000     
         243   0.0000000000000000     
         244   0.0000000000000000     
         245   0.0000000000000000     
         246   0.0000000000000000     
         247   0.0000000000000000     
         248   0.0000000000000000     
         249   0.0000000000000000     
         250   0.0000000000000000     
         251   0.0000000000000000     
         252   0.0000000000000000     
         253   0.0000000000000000     
         254   0.0000000000000000     
         255   0.0000000000000000     
         256   0.0000000000000000     
         257   0.0000000000000000     
         258   0.0000000000000000     
         259   0.0000000000000000     
         260   0.0000000000000000     
         261   0.0000000000000000     
         262   0.0000000000000000     
         263   0.0000000000000000     
         264   0.0000000000000000     
         265   0.0000000000000000     
         266   0.0000000000000000     
         267   0.0000000000000000     
         268   0.0000000000000000     
         269   0.0000000000000000     
         270   0.0000000000000000     
         271   0.0000000000000000     
         272   0.0000000000000000     
         273   0.0000000000000000     
         274   0.0000000000000000     
         275   0.0000000000000000     
         276   0.0000000000000000     
         277   0.0000000000000000     
         278   0.0000000000000000     
         279   0.0000000000000000     
         280   0.0000000000000000     
         281   0.0000000000000000     
         282   0.0000000000000000     
         283   0.0000000000000000     
         284   0.0000000000000000     
         285   0.0000000000000000     
         286   0.0000000000000000     
         287   0.0000000000000000     
         288   0.0000000000000000     
         289   0.0000000000000000     
         290   0.0000000000000000     
         291   0.0000000000000000     
         292   0.0000000000000000     
         293   0.0000000000000000     
         294   0.0000000000000000     
         295   0.0000000000000000     
         296   0.0000000000000000     
         297   0.0000000000000000     
         298   0.0000000000000000     
         299   0.0000000000000000     
         300   0.0000000000000000     
 l=          30
           1   2.9202072413059684E-003
           2  -1.0919035771839693E-002
           3  -1.1003679459993514E-002
           4   1.2569587690838819E-002
           5  -1.0919035771839718E-002
           6   2.3065405021909558E-002
           7   7.2370353371496478E-003
           8  -8.0411503746104023E-004
           9  -4.8670120688432874E-003
          10   8.8875872561486081E-003
          11  -8.9722309443024135E-003
          12  -4.6554028484584853E-004
          13  -2.7085980209214915E-003
          14  -7.8718629983029944E-003
          15  -1.2315656626377432E-002
          16   3.3857475261519414E-004
          17   1.9298760899065584E-002
          18  -1.4262461453914696E-002
          19  -8.8875872561494694E-004
          20   7.5332882456877826E-003
          21   6.3482766115346735E-003
          22  -1.5659082308452157E-003
          23  -1.2696553223069081E-003
          24   9.3531275409946147E-003
          25  -7.1947134930730320E-004
          26  -2.2853795801525086E-003
          27  -2.7932417090753116E-003
          28  -5.2055868214584966E-003
          29  -7.8295411542262001E-003
          30   2.4969888005370013E-002
          31  -7.7448974660723584E-003
          32   1.0580461019224543E-002
          33  -4.9939776010740266E-003
          34   2.5393106446136061E-004
          35  -2.2853795801524735E-003
          36  -1.3331380884222855E-002
          37  -2.1753427855525587E-002
          38   7.2793571812265210E-003
          39  -7.0254261167651579E-003
          40   3.9909498964515039E-002
          41   1.1215288680378126E-002
          42  -4.9939776010739650E-003
          43  -1.4389426986145717E-003
          44  -1.0538139175147610E-002
          45   2.6239543327677408E-003
          46   4.1052188754590732E-003
          47  -2.2007358919987393E-003
          48   2.0399128845064982E-002
          49   5.0786212892287540E-004
          50  -1.6209266281452087E-002
          51  -1.6293909969605724E-002
          52   1.8960186146450550E-002
          53   9.3954493850713881E-003
          54   9.0991964765330651E-003
          55  -1.1807794497454650E-002
          56   2.7128302053291611E-002
          57   4.6554028484590654E-004
          58  -3.3984440793749349E-002
          59   9.5224149173020224E-003
          60  -6.4329202996885300E-003
          61   1.0453495486993807E-002
          62   7.4063227134570945E-003
          63   1.3246737196069119E-002
          64   3.0048509294598219E-003
          65  -6.6022076759961546E-003
          66   1.4389426986145546E-003
          67   4.6554028484587289E-003
          68  -2.8355635531521523E-003
          69  -5.9250581707657630E-003
          70  -1.6505519189990363E-003
          71   1.5235863867683491E-003
          72  -6.0943455470733512E-003
          73   8.8875872561486021E-004
          74  -5.3748741977660500E-003
          75  -3.3434256820749422E-003
          76  -3.6820004346901588E-003
          77  -8.2104377509182400E-003
          78  -3.6396785906132787E-003
          79   6.1789892352271661E-003
          80   8.3797251272258594E-003
          81  -9.9456333580710786E-003
          82  -9.8186678258404686E-003
          83  -4.2321844076902452E-005
          84   1.5997657061067524E-002
          85  -4.9939776010739911E-003
          86   1.1384576056685605E-002
          87  -8.4643688153797152E-004
          88   1.1003679459993551E-003
          89  -2.3277014242294039E-003
          90  -2.6239543327676866E-003
          91  -1.0580461019224546E-003
          92  -3.3857475261517175E-004
          93  -7.1947134930725333E-004
          94   3.6396785906132297E-003
          95  -9.9879552021479613E-003
          96  -4.1475407195360183E-003
          97  -4.7400465366125959E-003
          98   5.2479086655353871E-003
          99   6.8984605845344056E-003
         100   2.3277014242294087E-003
         101  -5.0786212892276492E-004
         102   1.1850116341531507E-003
         103  -1.6928737630757978E-004
         104   2.0314485156911217E-003
         105  -2.7509198649983860E-003
         106   3.6820004346901428E-003
         107   4.2321844076894660E-005
         108   5.0786212892277728E-004
         109  -5.2479086655353897E-003
         110   1.6082300749221332E-003
         111  -2.5816324886907935E-003
         112  -1.1850116341531468E-003
         113   1.9044829834604078E-003
         114   2.2853795801525021E-003
         115   3.0894946176135691E-003
         116   5.3325523536891743E-003
         117  -2.3700232683062958E-003
         118   1.1426897900762506E-003
         119   7.6179319338417768E-004
         120   2.1160922038449023E-003
         121  -1.3119771663838466E-003
         122  -4.1052188754591339E-003
         123  -9.3108056969176006E-004
         124   4.1898625636129071E-003
         125   5.8404144826119551E-003
         126   3.2587819939211625E-003
         127  -1.2273334782300510E-003
         128   1.2696553223069389E-004
         129  -2.7509198649983816E-003
         130   1.5235863867683343E-003
         131  -9.1838401646869329E-003
         132   5.9250581707657166E-004
         133  -6.7714950523037267E-004
         134  -3.8089659669208483E-004
         135  -1.8621611393835234E-003
         136   1.8621611393835225E-003
         137   8.4643688153796448E-005
         138  -4.2321844076898224E-005
         139   0.0000000000000000     
         140   0.0000000000000000     
         141   0.0000000000000000     
         142   0.0000000000000000     
         143   0.0000000000000000     
         144   0.0000000000000000     
         145   0.0000000000000000     
         146   0.0000000000000000     
         147   0.0000000000000000     
         148   0.0000000000000000     
         149   0.0000000000000000     
         150   0.0000000000000000     
         151   0.0000000000000000     
         152   0.0000000000000000     
         153  -1.6928737630759290E-004
         154   1.6928737630759290E-004
         155   3.0732817290661775E-020
         156  -6.1465634581323551E-020
         157   0.0000000000000000     
         158   0.0000000000000000     
         159   0.0000000000000000     
         160   0.0000000000000000     
         161   0.0000000000000000     
         162   0.0000000000000000     
         163   0.0000000000000000     
         164   0.0000000000000000     
         165   0.0000000000000000     
         166   0.0000000000000000     
         167   0.0000000000000000     
         168   0.0000000000000000     
         169   0.0000000000000000     
         170   0.0000000000000000     
         171   0.0000000000000000     
         172   0.0000000000000000     
         173   0.0000000000000000     
         174   0.0000000000000000     
         175   0.0000000000000000     
         176   0.0000000000000000     
         177   0.0000000000000000     
         178   0.0000000000000000     
         179   0.0000000000000000     
         180   0.0000000000000000     
         181   0.0000000000000000     
         182   0.0000000000000000     
         183   4.2321844076898224E-005
         184  -4.2321844076898224E-005
         185   0.0000000000000000     
         186   0.0000000000000000     
         187   0.0000000000000000     
         188   0.0000000000000000     
         189   0.0000000000000000     
         190   0.0000000000000000     
         191   0.0000000000000000     
         192   0.0000000000000000     
         193   0.0000000000000000     
         194   0.0000000000000000     
         195   0.0000000000000000     
         196   0.0000000000000000     
         197   0.0000000000000000     
         198   0.0000000000000000     
         199   0.0000000000000000     
         200   0.0000000000000000     
         201  -1.2696553223069470E-004
         202   4.6554028484588046E-004
         203  -2.1160922038449112E-004
         204  -1.6928737630759290E-004
         205   0.0000000000000000     
         206   0.0000000000000000     
         207   0.0000000000000000     
         208   0.0000000000000000     
         209   0.0000000000000000     
         210   0.0000000000000000     
         211   0.0000000000000000     
         212   0.0000000000000000     
         213   0.0000000000000000     
         214   0.0000000000000000     
         215   0.0000000000000000     
         216   0.0000000000000000     
         217   0.0000000000000000     
         218   0.0000000000000000     
         219   0.0000000000000000     
         220   0.0000000000000000     
         221   0.0000000000000000     
         222   0.0000000000000000     
         223   0.0000000000000000     
         224   0.0000000000000000     
         225   0.0000000000000000     
         226   0.0000000000000000     
         227   0.0000000000000000     
         228   0.0000000000000000     
         229   0.0000000000000000     
         230   0.0000000000000000     
         231   0.0000000000000000     
         232   0.0000000000000000     
         233   2.1160922038449136E-004
         234   1.3542990104607436E-003
         235   4.2321844076899640E-005
         236   4.2321844076902039E-005
         237  -2.2853795801525073E-003
         238  -3.0894946176135683E-003
         239   2.3277014242293953E-003
         240   1.3542990104607395E-003
         241   1.2273334782300358E-003
         242   4.4014717839974066E-003
         243  -5.5018397299967420E-004
         244   1.4812645426914421E-003
         245  -1.7775174512297300E-003
         246   9.7340241376865546E-004
         247  -3.2164601498442663E-003
         248   1.7351956071528351E-003
         249   1.2696553223069345E-004
         250   2.7085980209214837E-003
         251  -5.9250581707657535E-004
         252  -1.2696553223069451E-004
         253  -1.8621611393835223E-003
         254   8.0411503746106636E-004
         255  -2.5393106446139037E-004
         256  -1.6928737630759178E-004
         257  -4.3168280958436212E-003
         258   8.4643688153796491E-003
         259  -3.5550349024594504E-003
         260   2.0737703597680157E-003
         261  -5.0786212892277869E-004
         262   1.6928737630759290E-004
         263   0.0000000000000000     
         264   0.0000000000000000     
         265   0.0000000000000000     
         266   0.0000000000000000     
         267   0.0000000000000000     
         268   0.0000000000000000     
         269   0.0000000000000000     
         270   0.0000000000000000     
         271   0.0000000000000000     
         272   0.0000000000000000     
         273   0.0000000000000000     
         274   0.0000000000000000     
         275   0.0000000000000000     
         276   0.0000000000000000     
         277   0.0000000000000000     
         278   0.0000000000000000     
         279   0.0000000000000000     
         280   0.0000000000000000     
         281   0.0000000000000000     
         282   0.0000000000000000     
         283   0.0000000000000000     
         284   0.0000000000000000     
         285   0.0000000000000000     
         286   0.0000000000000000     
         287   0.0000000000000000     
         288   0.0000000000000000     
         289   0.0000000000000000     
         290   0.0000000000000000     
         291   0.0000000000000000     
         292   0.0000000000000000     
         293   0.0000000000000000     
         294   0.0000000000000000     
         295   0.0000000000000000     
         296   0.0000000000000000     
         297   0.0000000000000000     
         298   0.0000000000000000     
         299   0.0000000000000000     
         300   0.0000000000000000     
 l=          40
           1  -3.5341623802272481E-003
           2  -8.1058770188698510E-003
           3  -8.5273826238510750E-003
           4   5.7713844374352799E-003
           5  -8.8516177046058658E-003
           6   1.9518951861438545E-002
           7   8.3652650834737455E-003
           8  -4.3447500821142213E-003
           9  -2.2696455652835697E-004
          10   1.1088839761814040E-002
          11  -2.6263041541137420E-003
          12   2.9181157267936032E-004
          13  -3.5665858883027865E-003
          14  -1.1542768874870785E-002
          15  -1.4136649520909060E-002
          16  -1.8805634683778467E-003
          17   1.7832929441513712E-002
          18  -7.8789124623415488E-003
          19   5.0580672597747992E-003
          20   9.0137352449833359E-003
          21  -1.3617873391701387E-003
          22  -1.7832929441513336E-003
          23  -1.9778339926042453E-003
          24   6.5171251231713025E-003
          25   2.3344925814345785E-003
          26  -5.7065374212843557E-003
          27  -3.8908209690576869E-004
          28  -3.1775037913970234E-003
          29  -9.2731233095871696E-003
          30   2.2404644080156359E-002
          31  -3.8583974609820394E-003
          32  -6.4847016150998790E-005
          33  -7.0683247604545535E-003
          34   2.8532687106421852E-003
          35  -7.7816419381152360E-004
          36  -7.0359012523790402E-003
          37  -1.4298767061286485E-002
          38   1.1672462907172162E-003
          39  -4.8635262113219183E-003
          40   3.6476446584914606E-002
          41   4.9932202436239080E-003
          42  -3.0478097590950922E-003
          43   1.7184459280004801E-003
          44  -1.7703235409211725E-002
          45   2.9181157267931068E-003
          46   7.9437594784926291E-003
          47  -5.5768433889824892E-003
          48   1.5174201779324404E-002
          49   4.1177855255859121E-003
          50  -2.0297116055250187E-002
          51  -4.8635262113219859E-003
          52   6.5495486312467975E-003
          53   6.5171251231714395E-003
          54   9.1434292772852189E-003
          55  -4.3447500821142179E-003
          56   1.7962623473815692E-002
          57   2.4317631056609383E-003
          58  -3.0413250574799811E-002
          59   1.2807285689814485E-002
          60  -1.0116134519549647E-002
          61   1.2612744641361626E-002
          62   4.9283732274728719E-003
          63   8.7219236723040036E-003
          64   2.9829627429441650E-003
          65  -4.9283732274728754E-003
          66  -4.3447500821141606E-003
          67   9.8891699630212666E-003
          68   3.2099272994724343E-003
          69  -6.4522781070204659E-003
          70  -8.7219236723039845E-003
          71   6.5171251231713597E-003
          72  -6.5495486312468479E-003
          73   3.8908209690575101E-004
          74  -3.1450802833215231E-003
          75   1.1672462907172617E-003
          76  -6.1604665343411198E-003
          77  -7.8464889542660416E-003
          78  -5.7065374212843844E-003
          79   8.5598061319266637E-003
          80   5.3498788324541184E-003
          81  -1.2839709197889777E-002
          82  -6.0631960101147128E-003
          83   1.7184459280003780E-003
          84   1.3585449883625911E-002
          85   7.4574068573604504E-004
          86   1.3585449883625915E-002
          87   1.2645168149437044E-003
          88  -1.2645168149436768E-003
          89  -2.0751045168306914E-003
          90  -7.4574068573602346E-004
          91  -3.1450802833215097E-003
          92   3.8583974609820429E-003
          93  -2.2696455652835693E-003
          94   1.6211754037740871E-004
          95  -4.4744441144161920E-003
          96  -2.6911511702648137E-003
          97  -7.6843714138886401E-003
          98   5.7713844374353198E-003
          99   2.3344925814345187E-003
         100   3.3396213317743954E-003
         101  -6.3225840747184571E-003
         102   5.1229142759257546E-003
         103  -5.0256437516993241E-003
         104  -1.0051287503398652E-003
         105   7.2606280849188441E-018
         106  -2.0751045168307071E-003
         107  -7.1331717766053905E-004
         108  -4.5392911305671474E-003
         109  -4.3771735901897398E-003
         110   3.8259739529065829E-003
         111  -4.0529385094349411E-003
         112  -1.7184459280004056E-003
         113   4.4095970982651429E-003
         114   5.8038079455108131E-003
         115   1.5563283876230015E-003
         116   4.7986791951709802E-003
         117  -8.4301120996246003E-004
         118  -2.4317631056609535E-003
         119   7.7816419381150994E-004
         120   1.4914813714720550E-003
         121  -3.3720448398498666E-003
         122  -4.8635262113219269E-003
         123   1.7832929441513837E-003
         124   2.0751045168307071E-003
         125   3.1450802833215101E-003
         126   3.4368918560008363E-003
         127  -1.7508694360759015E-003
         128   1.9129869764532900E-003
         129  -2.8856922187176759E-003
         130  -2.5938806460383686E-004
         131  -9.1434292772852171E-003
         132  -1.7184459280003967E-003
         133  -1.6211754037739884E-004
         134  -2.2696455652835695E-004
         135  -1.8157164522268521E-003
         136   3.1126567752460350E-003
         137   1.6211754037739748E-004
         138   3.2423508075479445E-005
         139   0.0000000000000000     
         140   0.0000000000000000     
         141   0.0000000000000000     
         142   0.0000000000000000     
         143   0.0000000000000000     
         144   0.0000000000000000     
         145   0.0000000000000000     
         146   0.0000000000000000     
         147   0.0000000000000000     
         148   0.0000000000000000     
         149   0.0000000000000000     
         150   0.0000000000000000     
         151   0.0000000000000000     
         152   0.0000000000000000     
         153  -1.2969403230191800E-004
         154   1.2969403230191800E-004
         155  -2.3049612967996330E-020
         156   3.8416021613327221E-020
         157   0.0000000000000000     
         158   0.0000000000000000     
         159   0.0000000000000000     
         160   0.0000000000000000     
         161   0.0000000000000000     
         162   0.0000000000000000     
         163   0.0000000000000000     
         164   0.0000000000000000     
         165   0.0000000000000000     
         166   0.0000000000000000     
         167   0.0000000000000000     
         168   0.0000000000000000     
         169   0.0000000000000000     
         170   0.0000000000000000     
         171   0.0000000000000000     
         172   0.0000000000000000     
         173   0.0000000000000000     
         174   0.0000000000000000     
         175   0.0000000000000000     
         176   0.0000000000000000     
         177   0.0000000000000000     
         178   0.0000000000000000     
         179   0.0000000000000000     
         180   0.0000000000000000     
         181   0.0000000000000000     
         182   0.0000000000000000     
         183   3.2423508075479500E-005
         184  -3.2423508075479500E-005
         185   0.0000000000000000     
         186   0.0000000000000000     
         187   0.0000000000000000     
         188   0.0000000000000000     
         189   0.0000000000000000     
         190   0.0000000000000000     
         191   0.0000000000000000     
         192   0.0000000000000000     
         193   0.0000000000000000     
         194   0.0000000000000000     
         195   0.0000000000000000     
         196   0.0000000000000000     
         197   0.0000000000000000     
         198   0.0000000000000000     
         199   0.0000000000000000     
         200   0.0000000000000000     
         201  -9.7270524226438513E-005
         202   3.5665858883027456E-004
         203  -1.6211754037739757E-004
         204  -1.2969403230191800E-004
         205   0.0000000000000000     
         206   0.0000000000000000     
         207   0.0000000000000000     
         208   0.0000000000000000     
         209   0.0000000000000000     
         210   0.0000000000000000     
         211   0.0000000000000000     
         212   0.0000000000000000     
         213   0.0000000000000000     
         214   0.0000000000000000     
         215   0.0000000000000000     
         216   0.0000000000000000     
         217   0.0000000000000000     
         218   0.0000000000000000     
         219   0.0000000000000000     
         220   0.0000000000000000     
         221   0.0000000000000000     
         222   0.0000000000000000     
         223   0.0000000000000000     
         224   0.0000000000000000     
         225   0.0000000000000000     
         226   0.0000000000000000     
         227   0.0000000000000000     
         228   0.0000000000000000     
         229   0.0000000000000000     
         230   0.0000000000000000     
         231   0.0000000000000000     
         232   0.0000000000000000     
         233   1.6211754037739833E-004
         234   1.0375522584153440E-003
         235   3.2423508075479242E-005
         236   3.2423508075483748E-005
         237  -1.7508694360758926E-003
         238  -2.3669160895100059E-003
         239   1.7832929441513724E-003
         240   1.0375522584153470E-003
         241   9.4028173418890472E-004
         242   3.3720448398498713E-003
         243  -4.2150560498123316E-004
         244   1.1348227826417840E-003
         245  -1.3617873391701407E-003
         246   7.4574068573602954E-004
         247  -2.4641866137364455E-003
         248   1.3293638310946649E-003
         249   9.7270524226440274E-005
         250   2.0751045168306888E-003
         251  -4.5392911305671416E-004
         252  -9.7270524226438486E-005
         253  -1.4266343553210976E-003
         254   6.1604665343411051E-004
         255  -1.9454104845287770E-004
         256  -1.2969403230191754E-004
         257  -3.3071978236989090E-003
         258   6.4847016150958985E-003
         259  -2.7235746783402801E-003
         260   1.5887518956984965E-003
         261  -3.8908209690575383E-004
         262   1.2969403230191797E-004
         263   0.0000000000000000     
         264   0.0000000000000000     
         265   0.0000000000000000     
         266   0.0000000000000000     
         267   0.0000000000000000     
         268   0.0000000000000000     
         269   0.0000000000000000     
         270   0.0000000000000000     
         271   0.0000000000000000     
         272   0.0000000000000000     
         273   0.0000000000000000     
         274   0.0000000000000000     
         275   0.0000000000000000     
         276   0.0000000000000000     
         277   0.0000000000000000     
         278   0.0000000000000000     
         279   0.0000000000000000     
         280   0.0000000000000000     
         281   0.0000000000000000     
         282   0.0000000000000000     
         283   0.0000000000000000     
         284   0.0000000000000000     
         285   0.0000000000000000     
         286   0.0000000000000000     
         287   0.0000000000000000     
         288   0.0000000000000000     
         289   0.0000000000000000     
         290   0.0000000000000000     
         291   0.0000000000000000     
         292   0.0000000000000000     
         293   0.0000000000000000     
         294   0.0000000000000000     
         295   0.0000000000000000     
         296   0.0000000000000000     
         297   0.0000000000000000     
         298   0.0000000000000000     
         299   0.0000000000000000     
         300   0.0000000000000000     
 l=          50
           1  -5.5523062172963570E-003
           2  -5.2690252878424939E-003
           3  -6.7987423068935626E-003
           4   5.8072590538049548E-003
           5  -7.1103513292927918E-003
           6   1.9716352689991164E-002
           7   4.4191824994808974E-003
           8  -5.5523062172964143E-003
           9  -4.6174791500984864E-003
          10   9.4332549508148733E-003
          11  -7.6485850952554653E-004
          12  -1.2747641825426273E-003
          13  -2.0112945991226784E-003
          14  -8.6400683483439204E-003
          15  -1.4050734100913368E-002
          16  -1.2747641825425319E-003
          17   1.8724869436902603E-002
          18  -8.1584907682723286E-003
          19   3.5976678040645469E-003
          20   1.1642846200555229E-002
          21  -5.5806343102417734E-003
          22  -1.1331237178153160E-004
          23  -6.8270703998390232E-003
          24   3.5693397111191899E-003
          25   1.1897799037064380E-003
          26  -3.5976678040645325E-003
          27   3.4843554322829418E-003
          28  -3.0027778522113404E-003
          29  -9.3482706719786209E-003
          30   2.2350865333912454E-002
          31  -5.8355871467503321E-003
          32  -1.0481394389794305E-003
          33  -6.4588051915488286E-003
          34   3.3710430605014071E-003
          35   5.6656185890770314E-005
          36  -5.4389938455149198E-003
          37  -1.2747641825425378E-002
          38  -1.8979822273410803E-003
          39  -4.6741353359893781E-003
          40   3.0509356102184686E-002
          41   1.5013889261055744E-003
          42  -1.9829665061773393E-003
          43   4.0509172911907488E-003
          44  -1.5098873539892834E-002
          45   1.8696541343956735E-003
          46   6.9970389575112618E-003
          47  -7.4219603516921450E-003
          48   2.0169602177117583E-002
          49   7.9318660247082462E-004
          50  -1.6288653443599071E-002
          51  -2.0112945991226858E-003
          52   7.6769131882006630E-003
          53   7.7052412811459657E-003
          54   5.4106657525694289E-003
          55  -1.0821331505138887E-002
          56   1.7081840046070017E-002
          57   4.9574162654432317E-003
          58  -2.9942794243276987E-002
          59   1.1217924806374374E-002
          60  -1.0283097739176435E-002
          61   9.2349583001970059E-003
          62   7.1953356081290139E-003
          63   4.4475105924262244E-003
          64   2.8328092945390077E-003
          65  -5.2406971948971166E-003
          66  -1.5297170190510714E-003
          67   1.1926127130009212E-002
          68   1.6147012978871859E-003
          69  -6.4021490056580385E-003
          70  -5.3823376596240759E-003
          71   5.4673219384602260E-003
          72  -7.9601941176545513E-003
          73  -1.6996855767233851E-004
          74  -3.7109801758460383E-003
          75   4.3341982206446276E-003
          76  -8.5834121624530930E-003
          77  -9.9431606238318294E-003
          78  -8.0451783964907136E-003
          79   7.5636008164190697E-003
          80   2.3795598074127762E-003
          81  -9.2632863931423511E-003
          82  -7.3653041658013453E-003
          83  -5.3823376596240618E-004
          84   1.5382154469346652E-002
          85   2.3795598074127268E-003
          86   1.1104612434592822E-002
          87   1.0764675319248173E-003
          88  -8.4984278836172710E-005
          89  -1.6147012978872163E-003
          90  -1.2747641825425434E-003
          91  -4.5041667783169677E-003
          92   9.6315516014324701E-004
          93   3.0877621310474901E-003
          94   1.6430293908326053E-003
          95  -4.6741353359893061E-003
          96  -2.0112945991226667E-003
          97  -5.9772276114772472E-003
          98   5.7506028679140796E-003
          99   2.1246069709042370E-003
         100   5.9488995185318961E-004
         101  -6.0622118903133800E-003
         102   6.4021490056580897E-003
         103  -6.7704142139481628E-003
         104  -1.2181079966517656E-003
         105   1.0764675319248169E-003
         106   5.6656185890779118E-004
         107  -8.4984278836169316E-004
         108  -2.0962788779588510E-003
         109  -2.6061845509758631E-003
         110   6.7137580280573926E-003
         111  -5.5806343102417959E-003
         112   1.8413260414503467E-003
         113   6.0055557044226323E-003
         114   5.4389938455148444E-003
         115  -2.2662474356311763E-004
         116   1.7563417626141875E-003
         117  -1.4730608331602728E-003
         118  -3.1727464098836597E-003
         119   3.6826520829006434E-004
         120  -1.4164046472694207E-004
         121  -8.3001312329992021E-003
         122  -1.4164046472694278E-004
         123   2.3795598074127533E-003
         124   3.5410116181736982E-003
         125   4.9857443583886090E-003
         126   2.2945755285765763E-003
         127  -2.3512317144673538E-003
         128   3.8526206405730028E-003
         129  -4.1359015700269085E-003
         130  -4.3058701276992529E-003
         131  -9.3482706719786399E-003
         132  -3.4843554322829496E-003
         133   3.1160902239928800E-003
         134  -3.1727464098836606E-003
         135  -3.4843554322829509E-003
         136   5.6089624031871836E-003
         137  -3.6826520829006710E-004
         138   3.6826520829006846E-004
         139  -1.5297170190510512E-003
         140   9.9148325308864361E-004
         141  -7.9318660247091515E-004
         142   1.5863732049418288E-003
         143  -3.9659330123545682E-004
         144  -1.0764675319248154E-003
         145  -9.6315516014325471E-004
         146   1.8129979485049449E-003
         147  -2.6345126439212534E-003
         148   2.8044812015935905E-003
         149  -5.0990567301701620E-004
         150  -2.5495283650850761E-004
         151   3.6826520829006689E-004
         152   1.4164046472694939E-004
         153   9.9148325308864404E-004
         154   8.4984278836169823E-005
         155  -1.4164046472694920E-004
         156   2.2662474356311852E-004
         157   0.0000000000000000     
         158   0.0000000000000000     
         159   0.0000000000000000     
         160   0.0000000000000000     
         161   0.0000000000000000     
         162   0.0000000000000000     
         163   0.0000000000000000     
         164   0.0000000000000000     
         165  -2.8328092945389812E-005
         166   2.8328092945389843E-005
         167   0.0000000000000000     
         168   0.0000000000000000     
         169  -2.8328092945389812E-005
         170   5.6656185890779624E-005
         171   0.0000000000000000     
         172   0.0000000000000000     
         173   0.0000000000000000     
         174   0.0000000000000000     
         175   0.0000000000000000     
         176   0.0000000000000000     
         177   0.0000000000000000     
         178   0.0000000000000000     
         179   0.0000000000000000     
         180   0.0000000000000000     
         181   0.0000000000000000     
         182   0.0000000000000000     
         183   2.8328092945389812E-005
         184  -2.8328092945389812E-005
         185   0.0000000000000000     
         186   0.0000000000000000     
         187   0.0000000000000000     
         188   0.0000000000000000     
         189   0.0000000000000000     
         190   0.0000000000000000     
         191   0.0000000000000000     
         192   0.0000000000000000     
         193   0.0000000000000000     
         194   0.0000000000000000     
         195   0.0000000000000000     
         196   0.0000000000000000     
         197   0.0000000000000000     
         198   0.0000000000000000     
         199   0.0000000000000000     
         200   0.0000000000000000     
         201  -8.4984278836169416E-005
         202   3.1160902239928801E-004
         203  -1.4164046472694899E-004
         204  -1.1331237178155925E-004
         205   0.0000000000000000     
         206   0.0000000000000000     
         207   0.0000000000000000     
         208   0.0000000000000000     
         209   0.0000000000000000     
         210   0.0000000000000000     
         211   0.0000000000000000     
         212   0.0000000000000000     
         213   0.0000000000000000     
         214   0.0000000000000000     
         215   0.0000000000000000     
         216   0.0000000000000000     
         217   0.0000000000000000     
         218   0.0000000000000000     
         219   0.0000000000000000     
         220   0.0000000000000000     
         221   0.0000000000000000     
         222   0.0000000000000000     
         223   0.0000000000000000     
         224   0.0000000000000000     
         225   0.0000000000000000     
         226   0.0000000000000000     
         227   0.0000000000000000     
         228   0.0000000000000000     
         229   0.0000000000000000     
         230   0.0000000000000000     
         231   0.0000000000000000     
         232   0.0000000000000000     
         233   1.4164046472694877E-004
         234   9.0649897425247497E-004
         235   2.8328092945389812E-005
         236   2.8328092945390151E-005
         237  -1.5297170190510492E-003
         238  -2.0679507850134586E-003
         239   1.5580451119964419E-003
         240   9.0649897425246662E-004
         241   8.2151469541630426E-004
         242   2.9461216663205420E-003
         243  -3.6826520829006602E-004
         244   9.9148325308864274E-004
         245  -1.1897799037063727E-003
         246   6.5154613774396535E-004
         247  -2.1529350638496278E-003
         248   1.1614518107609761E-003
         249   8.4984278836169620E-005
         250   1.8129979485049484E-003
         251  -3.9659330123545730E-004
         252  -8.4984278836169606E-005
         253  -1.2464360895971516E-003
         254   5.3823376596240640E-004
         255  -1.6996855767233989E-004
         256  -1.1331237178155928E-004
         257  -2.8894654804297606E-003
         258   5.6656185890779660E-003
         259  -2.3795598074127441E-003
         260   1.3880765543241005E-003
         261  -3.3993711534467756E-004
         262   1.1331237178155938E-004
         263   0.0000000000000000     
         264   0.0000000000000000     
         265   0.0000000000000000     
         266   0.0000000000000000     
         267   0.0000000000000000     
         268   0.0000000000000000     
         269   0.0000000000000000     
         270   0.0000000000000000     
         271   0.0000000000000000     
         272   0.0000000000000000     
         273   0.0000000000000000     
         274   0.0000000000000000     
         275   0.0000000000000000     
         276   0.0000000000000000     
         277   0.0000000000000000     
         278   0.0000000000000000     
         279   0.0000000000000000     
         280   0.0000000000000000     
         281   0.0000000000000000     
         282   0.0000000000000000     
         283   0.0000000000000000     
         284   0.0000000000000000     
         285   0.0000000000000000     
         286   0.0000000000000000     
         287   0.0000000000000000     
         288   0.0000000000000000     
         289   0.0000000000000000     
         290   0.0000000000000000     
         291   0.0000000000000000     
         292   0.0000000000000000     
         293   0.0000000000000000     
         294   0.0000000000000000     
         295   0.0000000000000000     
         296   0.0000000000000000     
         297   0.0000000000000000     
         298   0.0000000000000000     
         299   0.0000000000000000     
         300   0.0000000000000000     
